9

72

0
1
1
21988.5
41
20.837
486.388
266.207

1
1
1
20931.3
42
150.8
347.201
271.016

2
1
1
13766.2
38
114.316
310.18
269.678

3
1
2
12305.2
94
31.3779
540.8
267.675

4
1
3
11010.6
103
304.174
539.068
266.443

5
1
3
10835.8
170
265.319
414.036
267.606

6
1
0
8250.87
21
131.644
302.703
269.131

7
1
0
7035.02
17
13.224
313.829
275.069

8
1
1
5708.32
32
343.02
552.141
251.096

9
1
0
5374.62
22
13.1909
554.661
279.518

10
1
1
4623.85
32
150.352
511.903
238.258

11
1
1
4573.29
40
300.426
516.157
238.448

12
1
1
4458.29
33
155.052
374.638
243.662

13
1
0
4441.61
16
256.379
473.073
234.853

14
1
0
4306.65
16
92.0695
337.344
239.335

15
1
1
4033.81
45
272.568
450.226
244.843

16
1
1
4026.61
38
275.107
377.344
243.71

17
1
0
3819.03
16
357.283
313.966
265.039

18
1
1
3640.3
43
81.1836
451.448
286.192

19
-1
1
3608.42
44
358.384
463.666
266.068

20
1
0
3252.79
15
318.133
461.697
289.994

21
1
1
3233.02
33
15.5734
455.083
244.582

22
1
1
3117.63
43
184.963
390.481
287.896

23
1
1
2711.2
32
83.4223
455.064
288.123

24
1
2
2486.35
53
270.295
446.574
246.012

25
-1
2
2474.2
55
174.346
372.888
271.497

26
-1
0
2414.37
23
285.025
395.234
239.087

27
-1
1
2347.11
45
276.298
491.048
244.34

28
-1
2
2344.6
52
172.648
511.276
266.153

29
1
1
2315.47
41
269.376
412.595
242.951

30
1
0
2255.79
15
208.529
521.251
287.568

31
-1
1
2254.56
30
272.867
394.921
236.743

32
-1
0
2210
22
288.264
429.75
238.048

33
1
0
2117.12
20
286.75
450.708
238.006

34
1
0
2093.69
22
289.086
517.826
236.178

35
1
0
2029.82
21
283.626
382.788
240.402

36
1
0
1956.85
21
247.749
440.188
237.91

37
-1
0
1950.26
19
246.014
539.243
246.98

38
1
0
1887.28
21
282.253
416.538
239.243

39
1
0
1869.5
21
246.074
406.433
239.196

40
-1
1
1789.6
45
266.126
394.475
230.926

41
-1
1
1758.93
43
296.542
537.827
238.11

42
-1
1
1744.93
33
297.655
538.313
242.48

43
-1
1
1660.31
43
255.566
354.391
248.722

44
-1
1
1512.8
44
269.163
428.608
229.742

45
-1
0
1279.71
21
65.921
547.669
288.677

46
-1
2
1265.98
55
59.1515
481.942
290.733

47
-1
1
1219.57
34
27.3984
472.304
246.242

48
-1
0
1209.98
16
82.2517
527.092
293.914

49
-1
0
1140.84
21
290.637
463.518
234.507

50
-1
2
1139.46
56
267.005
394.299
226.67

51
-1
2
953.988
62
114.192
326.725
288.598

52
-1
0
938.8
12
280.152
464.997
237.57

53
-1
0
909.578
16
294.918
460.08
237.992

54
-1
1
891.552
41
219.346
327.262
258.775

55
-1
0
881.261
15
82.9848
344.988
244.2

56
-1
0
816.021
23
332.21
462.523
280.708

57
-1
1
753.51
27
285.714
463.341
230.856

58
-1
2
740.865
58
230.32
329.196
253.424

59
1
0
716.648
19
71.3883
534.039
289.267

60
-1
0
700.971
14
0.693387
320.022
269.934

61
-1
0
665.772
19
0.449031
321.945
269.044

62
1
0
608.357
21
86.4248
416.755
290.091

63
1
0
606.337
14
83.7853
518.999
307.322

64
-1
3
596.766
167
71.9953
485.962
322.615

65
-1
0
587.518
20
83.4704
395.276
299.018

66
-1
0
563.129
16
85.3669
396.503
298.324

67
-1
1
532.286
39
276.69
462.824
225.789

68
-1
1
529.751
33
82.8272
421.346
302.135

69
-1
0
516.979
22
82.8926
420.225
299.446

70
1
0
456.7
21
115.791
368.692
308.465

71
-1
3
416.136
158
276.464
485.128
210.939



93

0
1
1
21584.8
41
25.5054
955.014
265.16

1
1
1
21247.5
40
60.2724
1092.2
257.81

2
1
2
11081
65
116.203
911.773
265.6

3
1
2
10196.7
69
8.98467
1136.11
256.655

4
1
0
8899.79
15
138.422
929.356
288.959

5
1
3
7721.95
169
267.371
1018.96
259.247

6
1
1
7592.11
33
118.671
898.345
267.334

7
1
0
6997.81
24
89.7365
1062.73
281.229

8
1
0
6354.46
22
197.339
985.417
284.633

9
1
1
6222.46
31
344.467
1138.4
241.461

10
1
1
5779.38
27
332.807
1062.21
280.452

11
1
0
5671.79
23
11.0681
1141.28
269.925

12
1
0
5536.69
16
280.498
1141.65
238.427

13
1
0
5272.13
16
49.1887
1075.29
227.556

14
1
0
4823.77
15
270.696
940.717
234.149

15
1
2
4110.51
63
90.7609
996.442
277.168

16
1
2
3662.87
62
81.5594
1052.61
275.176

17
1
0
3489.47
16
297.631
1109.48
226.363

18
-1
0
3475.54
13
339.305
1125.86
239.12

19
1
1
3338.57
33
263.966
1038.68
231.946

20
-1
1
3301.35
45
243.657
954.385
243.367

21
-1
1
3255.57
37
4.20902
932.582
262.758

22
1
0
3223.52
21
279.696
1009.11
232.442

23
1
0
3136.4
22
282.722
1042.17
230.746

24
-1
1
3066.48
45
270.527
1090.12
235.805

25
-1
1
2976.37
42
176.95
977.202
264.996

26
1
1
2876.29
29
246.734
1068.84
228.154

27
-1
1
2819.19
47
357.048
1069.7
257.947

28
-1
0
2813.76
21
232.637
916.135
248.962

29
1
1
2765.9
34
259.875
1005.32
233.837

30
-1
1
2671.32
38
179.074
1114.64
255.911

31
1
0
2500.18
15
329.148
1119.23
234.741

32
1
0
2473.09
23
88.5696
1046.22
281.284

33
-1
0
2386.95
21
127.835
920.957
285.144

34
-1
0
2293.64
23
243.174
987.427
233.168

35
1
0
2102.49
22
88.7038
1000.86
283.734

36
1
2
2027.56
70
264.316
998.126
242.907

37
1
0
1987.77
13
200.925
925.368
246.52

38
-1
1
1945.23
28
247.109
987.272
231.574

39
1
0
1931
21
246.178
999.459
232.415

40
1
0
1812.58
15
90.67
998.111
284.917

41
1
0
1793.62
13
343.364
922.926
276.86

42
-1
0
1706.99
23
177.944
1117.43
255.949

43
-1
1
1623.69
29
247.805
1054.57
227.308

44
-1
0
1599.94
23
253.503
1021.29
230.836

45
-1
2
1531.49
59
93.2083
1086.43
281.784

46
-1
0
1490.16
15
69.0671
1123.42
279.445

47
1
1
1479.5
30
87.7013
1004.28
282.863

48
-1
1
1394.6
28
254.65
1021.17
228.992

49
-1
1
1168.83
29
120.086
918.367
285.788

50
-1
1
1099.89
27
283.756
1127.74
231.884

51
-1
1
1042.93
41
265.378
987.548
225.458

52
-1
2
1041.95
52
87.8038
965.974
287.499

53
-1
2
1009.13
58
108.854
961.398
289.661

54
-1
0
997.551
22
340.23
931.996
279.899

55
-1
0
990.353
21
107.231
906.517
279.546

56
-1
0
956.543
23
129.348
1110.64
236.955

57
-1
1
950.564
29
89.6977
1053.03
290.741

58
-1
1
949.008
34
32.692
935.398
248.516

59
-1
1
924.891
34
141.455
1108.74
237.866

60
1
0
885.36
15
189.569
1125.13
265.009

61
-1
2
877.2
60
107.218
955.338
289.573

62
-1
1
836.809
29
112.332
906.32
282.269

63
-1
2
762.601
53
76.0924
1104.84
278.664

64
-1
0
760.754
23
40.8951
934.26
246.677

65
-1
0
754.174
20
278.913
1138.33
229.11

66
1
0
744.714
13
165.303
1124.68
246.313

67
1
0
708.8
16
54.1994
1102.6
296.38

68
1
1
702.451
40
287.55
1114.09
224.516

69
1
0
687.135
15
248.906
912.616
258.738

70
-1
1
686.117
28
75.1357
1130.55
283.155

71
-1
1
681.059
41
286.256
1129.19
228.247

72
1
1
676.293
31
122.454
1103.28
229.375

73
-1
0
651.398
19
81.403
986.646
294.28

74
1
0
645.648
20
104.519
950.718
305.887

75
-1
1
638.863
43
264.605
1021.01
222.756

76
-1
1
632.935
27
73.7331
1128.45
283.33

77
-1
1
612.271
42
117.342
907.999
286.932

78
-1
1
606.05
28
86.2772
993.878
293.21

79
-1
1
582.561
27
81.4845
989.188
296.271

80
-1
0
570.406
24
143.056
976.184
247.808

81
-1
0
569.839
24
31.4413
1067.89
244.569

82
-1
1
569.22
43
237.127
906.956
244.866

83
-1
2
506.173
52
263.542
985.614
219.479

84
-1
0
499.163
15
265.695
1086.29
296.208

85
1
0
494.116
14
108.687
914.177
272.383

86
1
1
486.146
41
87.4102
1009.67
281.189

87
-1
1
452.276
27
284.36
1138.18
226.404

88
-1
2
450.467
59
266.341
1020
217.684

89
-1
2
427.979
56
265.805
1053.17
214.83

90
1
1
426.239
43
230.385
938.82
242.271

91
-1
1
422.688
42
67.4354
1127.32
288.361

92
-1
0
415.231
22
221.047
1107.62
279.869



66

0
1
1
20005.6
43
30.122
1449.41
274.527

1
1
1
19637.9
43
59.8279
1594.08
283.076

2
1
0
9564.65
21
351.429
1414.26
293.192

3
1
3
9200.18
173
276.083
1527.49
275.214

4
1
2
8851.49
78
134.252
1402.4
271.243

5
1
1
8186.96
46
21.2222
1633.12
296.515

6
1
1
8001.54
44
352.591
1635.79
275.368

7
1
1
5506.22
31
123.269
1382.49
269.458

8
1
0
5454.75
15
325.416
1622.8
262.265

9
1
0
5430.28
17
52.5612
1434.99
243.002

10
1
0
4683.49
20
41.9214
1575.93
252.384

11
1
0
4576.04
16
287.684
1612.65
252.498

12
1
0
3791.1
16
350.476
1641.11
268.837

13
1
2
3478.79
61
98.3778
1490.68
290.629

14
1
1
3448.26
31
250.812
1428.66
242.788

15
-1
1
3066.39
44
178.418
1472.69
273.699

16
-1
1
2965.14
44
11.251
1425.62
275.633

17
-1
1
2871.78
46
272.481
1448.55
252.397

18
1
1
2541.28
28
352.572
1554.23
300.196

19
-1
1
2528.85
34
182.182
1618.27
281.573

20
1
0
2426.05
15
199.096
1624.84
300.849

21
-1
2
2259.55
53
11.2341
1568.35
284.318

22
-1
0
2257.48
21
297.074
1629.86
261.5

23
-1
1
2246.08
45
285.872
1592.35
260.969

24
1
0
2208.08
16
296.577
1470.62
244.936

25
1
0
2111.99
15
213.484
1473.94
297.914

26
1
2
2070.2
62
270.204
1495.81
257.54

27
1
0
1993.38
21
289.06
1504.93
247.098

28
-1
0
1925.41
21
287.294
1480.22
246.046

29
-1
1
1884.5
29
289.587
1631.15
258.8

30
-1
1
1880.62
28
274.324
1481.87
243.567

31
1
1
1783.23
44
272.331
1534.55
253.188

32
-1
1
1717.69
31
259.042
1552.45
247.519

33
-1
0
1710.13
19
117.36
1387.09
281.24

34
1
0
1703.91
21
292.847
1540.36
249.173

35
-1
0
1491.39
23
176.411
1475.59
271.777

36
-1
1
1468.95
30
263.559
1517.06
245.342

37
1
1
1307.16
34
273.892
1467.73
240.895

38
1
0
1283.44
23
94.161
1487.39
296.955

39
-1
2
1230.37
58
124.478
1433.02
294.689

40
1
0
1224.81
22
93.2515
1533.24
299.512

41
-1
0
1210.9
21
351.449
1421.76
285.369

42
1
0
1145.04
17
118.494
1554.28
316.003

43
-1
1
1005.59
28
130.841
1400.58
290.837

44
1
0
957.294
22
253.851
1529.47
249.002

45
1
0
944.791
21
256.235
1494.1
246.635

46
-1
2
918.65
57
160.561
1604.72
306.578

47
-1
2
911.136
50
101.458
1457.11
298.491

48
-1
1
887.68
42
268.573
1482.79
236.898

49
-1
1
841.562
32
243.426
1405.44
252.358

50
-1
0
809.31
23
128.669
1613.73
262.784

51
-1
0
715.032
24
19.4745
1421.82
266.97

52
1
0
714.329
14
114.566
1405.48
282.17

53
-1
2
665.124
59
271.08
1519.15
234.351

54
-1
1
656.172
34
34.6675
1428.03
257.618

55
1
0
653.774
17
71.2904
1447.12
312.525

56
1
0
517.55
20
254.791
1400.95
263.522

57
1
0
513.642
13
35.8665
1419.16
255.216

58
1
0
469.562
13
148.665
1480.09
255.562

59
-1
2
467.179
52
268.947
1483.45
230.259

60
-1
0
455.532
21
96.0385
1530.88
309.225

61
-1
0
451.112
26
42.1151
1429.7
254.52

62
-1
1
448.483
34
124.667
1609.54
261.556

63
1
0
436.151
14
196.338
1482.83
285.38

64
1
1
427.266
44
92.537
1442.55
314.183

65
-1
0
409.103
20
266.44
1601.1
242.555



93

0
1
1
23266.4
41
68.9478
329.259
679.92

1
1
1
21749.6
40
72.2388
467.475
675.23

2
1
0
13784.1
22
106.287
286.374
667.726

3
1
3
9748.02
113
291.19
520.361
657.871

4
1
3
7830.83
145
265.519
392.028
661.556

5
1
0
7706.6
17
56.384
309.029
652.357

6
1
1
6983.59
35
244.487
294.841
668.483

7
1
0
5968.64
16
346.561
537.429
644.538

8
1
0
5869.95
17
12.0834
537.53
674.882

9
1
1
5863.37
31
345.311
534.261
647.113

10
1
0
5762.82
17
9.42097
434.899
680.921

11
1
0
4437.78
21
274.928
475.306
638.317

12
1
0
4355.95
22
252.633
321.512
643.283

13
1
0
4277.25
19
280.663
508.756
636.994

14
1
0
4196.39
22
166.362
507.191
676.468

15
1
0
3927.32
16
275.384
443.597
638.592

16
1
0
3827.78
21
270.199
342.545
642.86

17
1
1
3796.29
32
160.55
508.719
674.383

18
1
0
3738.8
17
271.489
376.876
640.884

19
1
2
3730.4
89
68.6794
418.555
669.022

20
1
0
3436.64
21
268.293
375.497
641.43

21
-1
0
3418.15
15
247.314
313.607
645.206

22
1
1
3396.2
27
248.573
322.887
643.224

23
-1
1
3157.88
40
80.9738
466.132
653.122

24
1
0
3072.09
20
268.46
409.067
640.277

25
1
0
2806.39
22
158.312
370.318
682.256

26
1
1
2756.78
30
268.8
338.15
643.305

27
1
1
2619.94
31
155.774
370.974
680.492

28
1
0
2547.33
16
267.275
488.723
636.258

29
1
1
2514.75
40
268.205
440.64
643.57

30
-1
0
2435.58
20
221.216
300.572
655.293

31
-1
1
2207.3
44
110.997
345.631
659.59

32
-1
1
2205.9
38
90.1002
328.174
658.085

33
1
2
2126.7
59
266.164
370.052
649.296

34
1
0
2099.75
15
78.3977
321.219
646.673

35
-1
1
2058.13
34
107.133
340.921
656.945

36
-1
0
1951.39
21
251.777
294.373
659.077

37
1
0
1894.85
16
259.904
388.11
639.844

38
-1
1
1846.71
31
21.4443
445.069
670.614

39
-1
1
1843.81
42
157.122
490.613
676.61

40
-1
1
1768.92
45
30.3113
445.572
663.671

41
-1
1
1753.5
29
242.92
295.258
655.614

42
-1
1
1730.24
41
104.467
478.425
652.658

43
1
0
1639.58
16
255.678
455.211
637.28

44
1
0
1617.71
13
227.894
299.731
662.789

45
1
0
1582.77
16
264.208
354.573
640.852

46
1
0
1480.42
14
71.9963
507.106
690.871

47
-1
0
1433.16
21
10.8572
442.59
673.749

48
1
0
1417.78
16
259.652
421.571
638.945

49
-1
2
1389.3
60
61.2869
448.062
692.693

50
-1
1
1213.31
43
155.176
352.751
682.485

51
1
0
1191.29
14
88.354
497.524
696.146

52
-1
3
1167.09
165
77.5935
467.486
708.226

53
1
0
1150.01
13
70.7144
456.034
642.971

54
1
0
1076.33
14
52.0154
447.24
647.784

55
-1
1
1038.76
32
68.9687
525.679
685.611

56
-1
0
1023.73
14
96.5943
292.762
675.383

57
-1
0
993.784
15
273.673
349.344
636.809

58
-1
0
932.095
16
267.382
382.89
635.499

59
1
0
931.105
15
113.422
487.181
644.973

60
-1
2
921.324
92
70.0886
474.525
664.332

61
1
3
874.389
124
247.904
315.513
657.132

62
-1
0
864.423
13
84.0392
509.106
684.537

63
-1
2
862.012
62
119.247
303.08
689.512

64
-1
1
853.809
30
276.49
521.828
637.249

65
1
0
851.34
21
284.266
514.32
652.377

66
1
0
839.048
21
91.3111
364.847
700.813

67
-1
0
803.5
22
272.197
482.838
631.094

68
-1
0
765.001
16
268.966
416.15
634.528

69
-1
1
753.77
34
62.9943
310.151
664.112

70
-1
0
701.179
17
272.682
449.809
633.558

71
-1
1
683.638
33
79.8548
393.397
691.949

72
-1
1
664.091
30
272.091
482.495
629.398

73
-1
0
661.5
24
114.163
483.228
651.721

74
-1
0
635.722
13
43.8749
450.135
659.056

75
-1
1
601.459
30
267.257
450.931
630.798

76
1
2
594.499
56
269.354
432.053
643.704

77
-1
1
591.431
43
266.677
353.919
632.136

78
-1
1
568.267
34
294.214
517.662
620.367

79
-1
2
565.538
78
108.796
349.332
702.5

80
-1
0
533.464
14
332.863
539.904
636.494

81
1
0
522.533
15
75.3817
377.453
693.98

82
1
0
520.527
16
82.2463
384.37
684.28

83
-1
1
478.192
31
268.536
348.926
633.047

84
1
0
477.924
16
264.694
434.114
639.219

85
1
0
462.671
17
262.014
366.831
641.195

86
1
0
456.724
19
69.7012
380.197
696.148

87
-1
2
443.921
59
266.231
377.309
622.131

88
1
0
439.388
15
264.147
400.437
639.398

89
1
0
422.072
14
84.2304
527.544
675.5

90
-1
0
417.099
14
355.591
543.703
649.446

91
-1
1
405.506
43
266.506
344.814
628.443

92
-1
0
403.75
14
133.189
365.768
692.359



106

0
1
1
26037.6
41
25.496
1083.08
657.214

1
1
1
25520.1
41
61.2615
947.242
662.62

2
1
0
13656
22
107.692
889.608
652.064

3
1
2
13564
67
339.047
1124.95
645.239

4
1
1
11346.4
46
114.117
910.408
652.446

5
1
0
8814.22
22
68.2407
937.558
629.089

6
1
3
7896.28
159
90.1625
1013.4
643.452

7
1
0
7608.87
16
351.393
1133.17
628.297

8
1
0
7400.5
21
106.328
1089.97
623.488

9
1
0
7371.79
23
94.8237
981.122
665.358

10
1
0
6855.26
16
171.207
1116.24
659.731

11
1
0
6692.39
16
5.67155
1051.1
663.468

12
1
1
6681.53
29
62.232
935.606
628.684

13
1
0
6353.74
23
11.5119
1132.65
657.535

14
1
0
5948.49
22
115.108
957.337
629.799

15
1
0
5826.49
22
59.8167
1070.03
624.946

16
1
0
5322.61
15
8.08599
915.029
660.651

17
-1
1
5213.2
44
80.0319
947.653
640.742

18
1
2
5088.14
97
235.943
906.696
638.809

19
-1
1
4714.37
45
96.4321
1081.47
635.576

20
1
1
4511.69
30
119.026
959.737
628.755

21
1
1
4014.38
39
244.038
929.404
627.78

22
1
0
2978.05
16
252.115
925.056
626.253

23
-1
0
2879.02
16
300.787
1117.77
627.488

24
1
0
2840.97
19
288.206
1102.09
619.507

25
1
0
2754.1
17
278.184
1036.51
622.534

26
-1
1
2716.36
30
19.166
1060.8
652.719

27
1
1
2655.3
38
262.504
1062.79
623.072

28
1
0
2286.71
19
279.656
970.104
625.32

29
-1
1
2223.02
51
143.265
1101.13
640.991

30
-1
0
2116.65
21
285.007
1129.11
619.29

31
-1
0
2010.67
15
278.882
1128.04
620.839

32
-1
0
1862.29
21
106.384
896.907
661.026

33
1
0
1859.59
17
246.085
1056.65
621.43

34
1
0
1844.5
19
281.3
1003.03
624.197

35
-1
0
1807.71
22
10.4541
1058.6
654.476

36
-1
1
1782.83
30
155.929
1106.72
649.488

37
-1
1
1769.45
43
141.788
967.636
648.021

38
-1
1
1704.66
43
29.1295
1062.75
642.468

39
-1
0
1682.42
15
218.971
918.565
629.453

40
-1
1
1677.13
42
40.6708
927.134
647.856

41
-1
1
1667.35
28
288.756
1129.94
616.574

42
1
0
1560.95
17
249.774
990.947
624.366

43
-1
1
1545.96
29
157.89
969.346
657.696

44
-1
0
1493.02
20
14.6343
922.406
657.994

45
-1
0
1464.12
21
166.265
971.83
659.201

46
-1
2
1445.1
62
66.9519
1064.09
675.826

47
-1
2
1432.65
60
128.201
1103.95
672.965

48
-1
0
1422.66
20
167.207
1108.35
653.97

49
-1
1
1419.97
35
50.0239
930.888
642.758

50
-1
0
1371.14
22
294.525
1104.98
608.05

51
1
0
1354.84
19
255.634
1024.3
623.592

52
1
1
1329.55
44
265.786
997.384
628.373

53
-1
0
1307.18
15
172.287
1109.71
655.299

54
-1
1
1255.96
29
112.206
897.473
663.871

55
1
1
1202.28
44
266.501
1029.46
626.791

56
-1
2
1200.88
60
111.288
968.108
678.854

57
-1
1
1175.72
31
285.716
1104.94
605.289

58
-1
1
1106.57
29
289.056
1116
622.828

59
-1
0
1045.11
21
242.444
948.088
623.378

60
-1
2
1000.51
61
121.005
925.373
675.151

61
-1
0
958.383
24
132.839
965.591
643.23

62
-1
1
951.602
29
258.852
947.604
618.932

63
-1
0
947.636
24
41.561
927.036
644.567

64
-1
0
939.46
13
274.569
1076.91
621.438

65
-1
0
925.792
22
244.726
1046.4
622.701

66
-1
0
887.061
14
70.7376
940.241
637.957

67
-1
1
872.267
42
265.41
1046.65
613.198

68
-1
1
864.634
29
282.557
1078.67
613.908

69
-1
1
859.269
39
114.329
896.782
668.699

70
-1
1
817.13
41
270.65
947.699
615.169

71
1
0
815.648
13
115.583
1099.18
627.055

72
-1
0
811.44
20
250.111
1078.66
618.486

73
-1
0
800.289
13
207.506
950.759
626.229

74
-1
1
782.993
41
265.99
980.818
616.329

75
-1
2
775.265
80
49.2546
1083.98
644.459

76
-1
3
767.99
155
81.7384
1083.18
691.84

77
-1
1
761.907
32
265.078
1046.38
617.504

78
-1
0
760.392
13
331.195
945.704
626.373

79
-1
1
751.465
31
264.389
980.736
620.317

80
-1
0
750.956
14
86.4799
1118.99
666.826

81
-1
0
742.041
15
107.427
953.078
638.178

82
-1
0
705.037
23
258.062
980.523
624.526

83
-1
1
698.891
41
281.257
1078.67
610.237

84
-1
0
693.648
24
50.939
1067.19
635.168

85
-1
1
642.575
41
267.547
1013.64
615.095

86
1
1
627.166
31
234.43
882.657
631.076

87
-1
1
575.847
32
267.266
1000.44
594.798

88
-1
1
575.149
33
266.655
967.772
596.014

89
-1
1
574.894
32
268.019
1032.86
593.594

90
1
0
543.679
13
121.547
965.224
633.599

91
1
0
543.133
13
115.647
907.792
655.731

92
1
0
515.322
14
9.19453
1049.78
651.731

93
-1
0
493.586
13
135.692
964.099
646.198

94
1
0
472.328
12
55.4
927.331
634.473

95
1
0
459.311
13
50.8143
1061.88
630.24

96
1
0
444.615
13
128.62
1106
631.758

97
1
0
438.067
15
169.175
1116.6
650.537

98
1
0
435.609
14
213.279
1123.64
633.89

99
-1
0
435.318
13
50.5125
931.921
644.234

100
-1
0
429.755
22
238.704
896.271
614.426

101
-1
0
424.597
13
128.54
1098.4
638.986

102
1
0
416.122
13
142.155
974.196
642.008

103
-1
0
415.748
13
39.0171
928.491
647.841

104
-1
0
412.856
13
134.759
909.646
668.987

105
1
2
405.412
86
278.959
1081.29
606.117



89

0
1
1
22392.4
41
117.122
1467.82
639.055

1
1
1
18933.1
32
297.749
1612.31
651.843

2
1
0
12390.4
22
110.339
1398
620.307

3
1
1
9693.66
33
16.8393
1650.41
657.567

4
1
2
9661.86
65
127.436
1425.29
625.032

5
1
2
9559.25
61
0.109656
1651.84
640.945

6
1
0
7239.55
22
94.3806
1610.52
617.123

7
1
3
6645.42
121
120.082
1423.93
612.251

8
1
0
6157.5
22
276.332
1629.09
617.535

9
1
3
6118.7
172
91.9851
1548.39
627.062

10
1
0
6046.87
18
82.7687
1593.93
615.063

11
1
3
5646.73
171
101.034
1534.55
628.278

12
1
0
5561.53
22
99.7333
1472.11
604.316

13
1
0
5521.5
15
13.262
1655.08
660.692

14
1
1
5113.43
27
279.934
1628.4
616.755

15
1
0
4829.49
23
18.6966
1572.29
653.135

16
1
0
4777.79
16
355.844
1657.87
630.287

17
1
1
4440.63
31
19.1621
1571.52
651.777

18
1
1
4298.03
29
63.1308
1452.52
604.767

19
1
1
3805.28
34
165.153
1504.81
644.779

20
-1
1
3767.43
44
84.2946
1465.93
617.019

21
1
2
3653.09
92
91.7742
1563.41
639.524

22
1
0
3536.19
22
262.596
1574.95
613.716

23
1
1
3527.75
41
253.484
1445.91
603.754

24
1
0
3291.72
17
279.838
1453.85
600.859

25
1
0
2615.3
14
4.1779
1432.92
640.983

26
-1
0
2554.29
21
107.991
1627.22
627.89

27
1
0
2437.1
22
253.85
1438.18
601.06

28
1
0
2349.94
19
279.745
1558.7
612.032

29
1
0
2282.96
22
265.789
1540.63
610.53

30
-1
1
2147.86
28
274.096
1643.57
618.936

31
-1
0
2122.41
16
81.4485
1586.12
621.462

32
-1
1
2117.95
33
161.461
1491.55
635.249

33
-1
0
2078.16
24
275.591
1619.59
606.63

34
-1
2
2002.27
52
30.0851
1600.46
630.591

35
-1
1
1986.96
40
32.7729
1442.61
628.547

36
-1
2
1903.03
58
101.663
1626.39
635.524

37
-1
1
1864.79
28
274.7
1619.66
605.755

38
-1
1
1796.59
30
20.1586
1442.62
635.163

39
1
0
1770.37
22
261.78
1506.66
607.114

40
-1
0
1641.59
22
12.6304
1439.44
636.592

41
-1
0
1615.93
21
172.884
1638.87
650.811

42
-1
0
1558.54
14
253.353
1461.93
602.26

43
-1
1
1531.58
30
168.131
1636.16
648.173

44
-1
1
1364.48
38
24.2891
1445.53
637.684

45
1
0
1359.52
19
288.784
1523.66
608.245

46
1
0
1311.92
18
295.761
1488.88
604.712

47
1
1
1267.78
41
270.729
1480.1
600.865

48
-1
0
1266.44
23
114.422
1404.99
630.563

49
-1
1
1237.08
32
23.9735
1584.74
642.657

50
-1
1
1233.6
30
277.595
1463.12
594.635

51
1
0
1186.04
14
121.491
1487.12
610.092

52
-1
0
1151.98
21
172.012
1387.81
618.72

53
1
0
1147.73
16
99.6288
1584.55
674.249

54
-1
1
1085.04
45
125.059
1483.72
619.199

55
1
1
1048.38
45
276.405
1548.7
612.327

56
-1
0
1010.89
20
248.246
1462.49
599.066

57
1
0
981.042
16
44.6596
1582.86
627.945

58
1
1
909.903
43
278.669
1581.97
613.146

59
-1
2
907.113
58
149.479
1629.56
670.334

60
-1
2
893.453
63
118.448
1487.13
658.076

61
-1
1
872.041
28
121.222
1406.77
631.28

62
1
0
845.168
14
130.42
1417.06
628.893

63
-1
2
764.572
87
101.805
1470.59
626.573

64
-1
1
738.284
28
164.211
1385.6
617.93

65
-1
3
729.597
162
105.024
1467.41
669.877

66
-1
1
700.416
31
280.688
1566.91
603.875

67
1
0
683.356
22
246.161
1419.2
618.53

68
1
0
673.319
21
234.786
1410.23
583.306

69
-1
0
659.474
21
279.44
1602.08
609.007

70
-1
0
651.253
21
29.3045
1584.71
637.468

71
-1
0
632.612
15
88.8968
1604.07
625.24

72
1
0
624.337
12
316.619
1637.98
627.883

73
-1
0
618.845
22
256.922
1497.26
602.23

74
-1
1
600.144
28
274.715
1497.07
600.033

75
-1
0
585.877
26
141.62
1488.54
620.84

76
-1
1
529.702
33
271.991
1476.38
575.384

77
-1
0
498.534
14
131.86
1416.04
639.267

78
-1
1
488.133
30
276.504
1532.19
600.869

79
-1
1
483.252
29
253.578
1409.52
610.26

80
-1
0
474.222
24
141.549
1490.68
622.858

81
-1
1
458.234
34
273.045
1510.53
580.742

82
1
1
457.628
45
250.627
1418.65
581.812

83
-1
0
456.752
22
14.2692
1585.39
650.574

84
-1
0
439.91
22
232.74
1428.22
604.236

85
-1
1
429.045
34
275.595
1544.91
583.239

86
-1
0
426.461
15
215.649
1429.11
602.033

87
-1
1
406.628
27
284.223
1602.2
606.481

88
-1
0
405.334
15
245.041
1496.66
605.73



86

0
1
1
23292.6
42
68.1336
379.841
887.484

1
1
1
22395.7
41
27.6145
517.429
882.027

2
1
0
10941.9
22
108.532
335.956
870.631

3
1
2
10327.4
89
315.664
571.49
863.996

4
1
3
8659.5
123
294.204
567.616
854.677

5
-1
0
7962.18
20
319.102
552.609
850.548

6
1
3
6945.13
163
266.135
443.931
861.658

7
1
1
6824.31
42
235.785
345.81
871.687

8
1
3
6613.8
173
267.233
455.756
860.583

9
1
1
5920.89
32
346.086
582.288
848.29

10
1
0
5804.28
23
16.1244
483.475
883.918

11
-1
0
5758.32
17
245.938
351.752
858.033

12
1
0
5658.55
17
343.978
585.369
845.383

13
1
0
5398.1
21
13.5716
584.809
874.584

14
1
1
4948.43
35
264.162
389.13
845.044

15
1
1
4904.82
33
271.472
521.842
840.212

16
1
0
4682.97
21
270.238
391.801
841.97

17
1
1
4612.07
32
272.988
553.505
837.392

18
1
0
4292.51
22
266.827
424.867
840.516

19
1
0
3880.84
21
277.527
523.949
837.033

20
-1
1
3833.03
45
87.3873
385.939
864.717

21
-1
1
3798.97
46
83.9883
521.007
859.736

22
1
1
3782.02
32
263.322
422.381
842.482

23
-1
2
3324.66
61
97.7508
533.498
861.961

24
1
0
3060.59
22
271.884
457.978
839.341

25
1
0
3055.08
13
39.8423
353.419
865.527

26
1
0
3034.18
23
271.512
490.926
838.56

27
-1
2
2917.07
52
103.537
392.711
864.805

28
1
1
2707.72
31
268.38
489.024
839.833

29
1
2
2691.15
63
255.948
379.164
841.846

30
1
0
2254.71
17
165.537
419.022
886.927

31
1
0
2249.54
14
236.566
360.75
857.966

32
1
0
2090.65
15
172.5
554.816
881.843

33
-1
0
2041.38
19
234.825
362.576
848.562

34
1
0
2035.52
22
330.487
563.513
852.552

35
1
0
1944.14
17
237.328
370.495
845.563

36
-1
2
1695.43
60
63.2955
496.921
897.802

37
1
0
1646.48
16
190.695
576.894
846.402

38
-1
1
1562.31
29
22.8329
494.816
875.435

39
-1
2
1473.4
57
66.6298
503.886
860.678

40
-1
1
1467.03
29
71.5502
567.68
886.61

41
-1
1
1409.35
45
34.3982
496.807
867.385

42
1
0
1407.18
14
186.423
560.322
851.62

43
1
1
1371.69
39
110.787
541.993
846.332

44
-1
0
1303.66
21
15.6594
492.96
877.314

45
-1
1
1187.81
33
265.524
402.614
834.409

46
-1
0
1186.52
22
81.2768
435.011
894.543

47
-1
2
1171.69
63
119.607
352.579
893.998

48
-1
1
1114.29
34
60.2238
363.179
868.247

49
-1
3
1021.35
165
82.9698
519.681
909.77

50
1
0
989.528
14
234.126
537.132
840.73

51
1
0
986.098
15
234.07
437.128
844.513

52
-1
1
982.738
31
82.1673
435.762
896.154

53
1
0
926.094
15
235.996
503.881
842.04

54
-1
0
893.666
14
334.777
587.699
837.205

55
1
0
886.639
15
250.587
403.829
843.411

56
-1
0
866.994
23
50.9272
361.747
867.011

57
-1
0
860.49
19
99.5534
341.786
880.464

58
-1
1
780.869
32
268.136
534.298
829.469

59
-1
1
778.27
40
274.681
535.065
827.136

60
1
0
777.311
15
263.639
547.781
834.446

61
-1
1
746.723
32
265.9
435.309
832.684

62
-1
1
744.397
35
70.1058
371.207
863.49

63
-1
0
727.259
22
261.419
434.457
835.866

64
-1
0
726.615
22
290.41
566.418
820.137

65
1
0
676.516
15
86.8729
550.095
842.06

66
1
0
666.885
14
100.144
392.706
850.835

67
-1
1
650.379
39
71.2077
572.313
891.799

68
1
0
620.432
16
255.788
414.882
839.843

69
-1
2
609.932
75
104.338
402.77
907.171

70
-1
1
590.328
41
283.599
563.922
815.58

71
1
0
579.967
13
74.1545
371.473
853.782

72
-1
1
579.243
39
267.411
502.617
828.721

73
1
0
549.098
19
79.3651
573.542
876.188

74
-1
0
532.775
18
132.402
539.5
860.145

75
-1
0
507.238
19
345.776
571.004
858.708

76
-1
0
470.788
14
354.874
591.357
850.036

77
-1
1
467.345
29
304.534
569.929
837.789

78
1
0
460.786
13
97.3882
342.966
872.021

79
1
1
457.49
31
239.791
339.593
844.514

80
-1
1
455.107
32
267.888
490.838
808.399

81
-1
1
451.345
32
267.103
457.703
809.593

82
1
0
449.046
16
258.585
448.108
838.038

83
-1
1
417.566
37
235.094
330.436
854.102

84
1
0
401.39
22
240.853
336.065
842.494

85
1
0
401.21
17
255.717
514.827
835.566



117

0
1
1
24779.4
41
61.5709
972.232
878.878

1
1
1
23491.9
36
117.879
1107.84
883.632

2
1
1
10114.2
30
110.959
916.988
856.834

3
1
2
9391.17
62
124.776
935.203
859.307

4
1
0
8717.5
22
23.4571
940.082
867.969

5
1
1
7934.34
31
347.953
1155.88
855.556

6
1
0
7850.67
16
285.288
1159.57
853.114

7
1
0
7127.75
22
19.8292
1074.7
884.604

8
1
2
6829.23
95
245.329
934.721
848.379

9
1
3
6797.57
176
272.792
1047.65
857.762

10
1
0
6747.48
22
16.75
1156.91
882.862

11
1
1
6049.81
33
24.6186
1072.96
882.559

12
1
0
5729.06
23
162.932
1006.28
881.544

13
1
1
5576.95
43
61.1302
960.496
839.898

14
-1
1
5493.72
50
90.2195
1107.69
863.829

15
-1
1
5223.21
49
88.8959
972.714
857.296

16
1
1
5115.17
33
155.417
1008.13
879.884

17
1
1
4816.7
44
288.22
1121.35
846.487

18
1
1
4163.63
45
275.062
1091.29
846.027

19
1
2
3753.38
87
104.489
1021.38
872.104

20
1
1
3722.6
44
267.571
990.199
841.473

21
1
0
2884.03
23
278.131
963.784
833.231

22
-1
0
2847.43
15
143.38
936.084
876.025

23
-1
0
2633.07
22
285.014
1154.58
843.529

24
1
0
2391.6
22
270.193
1116.72
839.965

25
-1
2
2173.7
55
138.883
1123.88
865.769

26
1
1
1805.98
42
273.165
1056.76
840.302

27
1
0
1789.08
23
266.179
1085.02
838.143

28
-1
2
1748.82
58
127.498
1129.32
898.075

29
1
1
1703.14
44
272.66
1023.66
839.048

30
-1
0
1694.33
14
198.986
991.299
838.655

31
1
0
1691.91
20
255.757
987.664
832.787

32
-1
0
1580.82
21
110.245
923.966
867.735

33
-1
1
1575.24
45
48.3461
954.945
860.212

34
-1
0
1560.97
22
300.041
1131.67
827.617

35
-1
1
1555.36
32
302.59
1131.01
824.666

36
1
0
1468.87
20
290.255
1126.08
838.329

37
1
2
1431.99
87
282.645
1106.94
832.437

38
-1
2
1412.6
61
115.124
993.493
895.243

39
-1
0
1399.08
14
343.895
1057.85
841.767

40
-1
0
1350.94
23
22.9168
1083.42
873.987

41
-1
0
1314.6
14
316.611
1024.99
840.49

42
-1
0
1289.35
24
53.513
1093.17
861.292

43
-1
2
1213.64
59
70.434
1087.09
898.666

44
-1
0
1208.17
20
132.267
934.209
874.66

45
-1
1
1199.33
40
298.058
1131.21
820.992

46
1
0
1188.67
15
166.988
1141.29
875.873

47
1
0
1156.38
23
248.986
934.539
852.49

48
1
1
1100.62
31
245.32
907.915
834.182

49
-1
1
1099.52
40
270.544
975.882
826.386

50
1
0
1073.54
14
128.458
932.152
863.794

51
-1
0
1036.41
15
288.241
1143.66
851.055

52
-1
1
1018.48
48
123.947
950.577
886.368

53
-1
0
1006.92
21
323.727
974.962
836.961

54
-1
0
1006.06
23
283.131
1027.56
810.336

55
1
2
1003.32
94
258.531
957.705
826.043

56
1
0
997.335
16
287.257
1093.62
836.01

57
-1
0
994.975
20
320.923
1106.41
843.455

58
-1
1
981.793
39
282.315
1106.19
832.334

59
1
0
967.592
16
350.344
1063.91
845.622

60
-1
1
961.964
32
272.246
1027.28
808.06

61
-1
0
961.816
23
287.628
1059.97
811.744

62
-1
0
953.318
19
168.145
996.851
877.115

63
-1
0
941.848
13
265.742
1091.14
842.381

64
-1
0
935.697
14
231.328
909.899
847.039

65
-1
0
929.457
13
12.4802
946.932
874.973

66
-1
1
924.047
31
267.061
1060.15
809.361

67
-1
1
905.627
40
121.255
922.225
876.356

68
-1
3
893.754
159
82.6535
1106.87
913.517

69
-1
0
893.131
23
256.907
995.203
808.77

70
1
0
886.678
13
343.523
1129.98
849.234

71
-1
0
881.125
25
41.1851
952.805
859.93

72
-1
0
866.603
14
330.155
1104.73
846.288

73
-1
1
864.48
32
271.212
995.2
806.515

74
1
0
862.657
22
156.527
904.626
832.127

75
1
0
841.778
20
296.974
1141.15
830.785

76
-1
2
822.955
80
107.433
940.905
892.554

77
-1
1
818.979
27
243.551
975.853
832.469

78
-1
0
748.49
13
171.401
1134.29
883.198

79
1
0
741.473
14
14.4731
1075.61
875.303

80
-1
0
723.89
13
97.8627
926.64
858.097

81
1
1
705.025
32
280.845
1109.58
815.929

82
1
1
697.938
30
274.243
1043.81
813.045

83
-1
1
697.571
43
270.929
1027.74
803.1

84
-1
1
682.912
31
200.908
904.357
846.542

85
1
1
675.942
30
273.69
1010.99
811.93

86
-1
1
674.018
43
271.351
1060.39
804.723

87
-1
1
667.635
27
295.45
1105.95
837.866

88
1
0
640.042
22
261.205
1073.71
812.961

89
1
0
637.07
17
224.618
1050.35
844.044

90
1
0
636.564
13
116.233
1123.17
853.594

91
-1
0
619.661
21
242.129
922.214
818.444

92
1
0
616.22
21
286.267
1047.51
811.568

93
-1
0
614.157
14
338.301
972.225
840.372

94
1
0
593.305
21
256.765
1039.91
811.318

95
-1
0
592.99
25
127.756
1127.2
865.816

96
-1
0
572.457
21
241.295
937.379
841.916

97
1
0
568.235
21
288.207
1014.63
809.87

98
1
1
551.991
30
273.132
978.761
810.358

99
-1
0
550.961
25
125.611
988.467
856.951

100
-1
0
550.768
23
30.8122
947.65
866.093

101
-1
0
550.476
21
268.525
1096.14
809.284

102
1
0
539.398
20
259.598
942.927
807.303

103
1
0
538.397
15
342.501
998.142
841.589

104
1
0
521.715
19
236.991
931.596
815.311

105
1
0
521.591
16
331.137
1031.87
843.134

106
-1
1
517.652
41
272.53
1074.09
828.779

107
-1
0
511.705
24
120.102
985.903
854.671

108
-1
0
490.964
19
88.6708
1147.5
893.041

109
1
0
486.345
14
194.778
1016.75
841.672

110
-1
1
465.421
32
274.245
1095.75
806.913

111
1
0
463.368
21
285.952
981.912
808.275

112
-1
0
456.497
21
92.1808
1056.31
892.88

113
-1
2
443.355
52
294.901
1134.55
813.486

114
-1
0
442.461
14
269.007
958.493
836.436

115
-1
0
428.776
21
268.007
965.872
804.127

116
-1
1
410.695
39
268.888
1008.47
826.16



101

0
1
1
22584
37
122.402
1429.72
890.956

1
1
1
18625.5
35
154.599
1572.48
887.875

2
1
0
11156
23
107.353
1358.11
872.484

3
1
1
10400.3
31
111.565
1360.04
873.318

4
1
1
9895.45
33
10.2072
1609.72
882.596

5
1
2
9735.36
62
339.782
1608.99
865.711

6
1
3
8671.24
126
255.349
1383.06
859.038

7
1
2
8459.53
69
119.554
1387.09
874.376

8
-1
0
8043.35
15
75.9856
1534.01
857.879

9
1
0
5571.16
16
14.8218
1614.48
885.167

10
1
0
5553.81
16
346.033
1613.35
853.607

11
1
1
5370.48
33
272.346
1566.81
846.379

12
1
3
5107.4
171
93.1463
1487.74
864.989

13
1
1
4962.85
30
266.463
1531.26
847.633

14
1
0
4673.3
14
11.081
1394.31
893.018

15
1
1
4349.58
34
104.375
1466.59
889.904

16
1
1
4172.59
31
93.7487
1428.86
851.53

17
1
0
4165.45
23
160.408
1464.89
891.875

18
1
1
3913.68
34
18.4071
1532.64
888.866

19
-1
1
3908.31
46
89.6518
1572.41
865.841

20
1
1
3535.91
44
256.815
1402.9
853.609

21
-1
2
3116.58
60
101.302
1580.16
867.86

22
-1
0
2790.52
22
98.4605
1575.67
859.541

23
1
1
2774.43
31
266.284
1496.98
846.771

24
-1
1
2758.02
39
30.9466
1527.58
860.518

25
1
0
2684.14
16
297.755
1549.13
848.072

26
1
0
2596
23
257.792
1394.16
846.855

27
-1
0
2487.57
22
84.0177
1423.22
864.582

28
1
1
2435.19
31
268.496
1463.29
847.391

29
1
0
2434.54
22
256.872
1427.59
846.22

30
1
2
2406.54
67
273.842
1539.84
852.118

31
-1
0
2221.57
20
105.428
1370.43
883.357

32
-1
2
2107.48
56
113.962
1447.31
872.7

33
1
0
1983.43
20
332.252
1584.11
847.018

34
-1
1
1918.32
43
303.466
1603.67
840.538

35
-1
0
1808.21
21
16.3139
1401.18
884.372

36
-1
0
1785.02
13
234.133
1598.02
850.281

37
-1
1
1784.51
31
279.742
1575.95
828.379

38
1
0
1615.1
15
93.2839
1366.06
877.041

39
-1
1
1606
31
23.5048
1545.31
877.85

40
1
0
1587.92
16
122.809
1378.6
879.102

41
1
0
1567.02
17
341.677
1583.87
849.561

42
1
0
1563.79
19
302.333
1514.73
850.289

43
1
2
1436.76
86
280.262
1557.04
839.164

44
1
1
1326.76
32
233.315
1344.79
850.656

45
1
2
1302.63
58
268.431
1462.4
856.022

46
1
0
1204.3
15
176.68
1563.9
887.175

47
1
3
1162.24
173
290.151
1588.82
852.086

48
1
2
1134.91
86
276.602
1540.98
843.251

49
1
0
1112.37
16
297.941
1410.82
851.057

50
1
0
1111.97
14
157.19
1603.39
872.453

51
-1
3
1098.5
167
99.8442
1429.04
914.906

52
-1
1
1090.81
32
275.607
1597.09
843.978

53
1
0
1067.67
19
12.3623
1533.03
878.982

54
-1
1
1050.93
37
141.735
1591.37
871.417

55
-1
2
1016.83
61
136.013
1594.4
900.77

56
-1
0
954.01
21
103.947
1435.27
866.058

57
-1
2
943.279
61
113.761
1451.9
906.074

58
-1
0
940.623
14
195.441
1418.89
852.74

59
-1
1
898.122
41
266.435
1416.29
837.555

60
-1
0
877.541
20
99.1436
1525.1
898.787

61
-1
2
870.312
63
117.991
1407.33
905.049

62
1
0
846.891
15
78.7299
1571.81
850.714

63
1
0
834.334
17
310.178
1445.4
852.262

64
-1
1
820.4
32
141.924
1344.41
866.861

65
-1
1
803.807
32
266.517
1432.87
815.232

66
-1
1
783.527
32
267.835
1465.86
814.13

67
-1
0
780.406
22
237.223
1360.59
833.038

68
-1
1
778.069
32
274.498
1553.26
837.45

69
-1
1
704.804
31
235.596
1357.86
832.477

70
-1
0
701.623
14
310.859
1438.64
850.15

71
-1
1
700.546
32
268.952
1499.89
813.507

72
1
0
696.533
13
279.542
1539.66
842.082

73
1
0
636.355
14
273.775
1469.66
843.206

74
-1
1
636.284
42
266.76
1432.51
811.249

75
-1
1
630.056
42
270.661
1518.73
833.887

76
-1
0
616.414
14
132.296
1387.93
892.098

77
-1
0
615.049
24
149.607
1595.44
872.838

78
-1
0
612.879
24
131.713
1449.87
873.081

79
-1
0
610.058
20
238.832
1376.55
857.775

80
-1
2
598.869
75
73.5452
1551.86
908.816

81
1
1
591.811
32
266.938
1449.89
819.814

82
1
0
569.097
19
299.591
1480.38
850.88

83
1
0
568.197
14
105.998
1440.87
858.85

84
1
0
537.637
13
90.9201
1521.84
891.706

85
-1
3
521.98
156
80.8496
1570.86
917.445

86
-1
0
506.498
13
124.267
1586.57
868.667

87
1
1
493.08
31
264.881
1483.45
818.452

88
1
1
478.955
27
20.3824
1532.01
869.95

89
-1
1
477.021
42
269.136
1484.1
834.461

90
-1
0
463.183
15
188.897
1525.28
874.002

91
-1
1
462.013
42
266.881
1450.48
835.491

92
1
1
450.835
42
83.1567
1495.24
888.189

93
1
0
439.118
15
254.801
1384.12
862.874

94
1
1
438.547
30
272.262
1416.69
820.445

95
1
0
434.903
21
257.821
1588.53
830.037

96
-1
0
418.745
13
81.3275
1371.29
872.275

97
-1
0
417.149
16
203.572
1393.34
861.859

98
1
0
412.735
20
91.4986
1519.12
889.753

99
-1
0
411.243
14
175.712
1525.36
885.392

100
-1
1
400.286
34
238.799
1381.85
852.731



