9

28

0
1
1
2605.77
31
340.683
330.346
235.822

1
1
1
2349.22
33
338.635
233.443
238.422

2
1
1
2301.53
33
160.255
298.445
236.563

3
1
1
2120.49
33
161.999
265.783
237.336

4
1
1
2039.43
32
342.174
202.24
239.348

5
1
1
1113.4
30
254.542
330.314
260.508

6
1
0
1098.09
23
291.237
203.78
262.878

7
1
1
1040.98
29
290.116
203.849
264.486

8
-1
1
921.92
45
300.124
217.492
252.06

9
-1
1
835.139
44
289.354
250.453
250.836

10
-1
1
813.371
44
248.157
315.926
249.212

11
-1
1
803.426
44
24.9891
282.796
249.99

12
1
1
798.414
32
298.454
266.696
261.678

13
1
1
785.05
32
300.662
234.769
262.455

14
1
1
735.046
32
243.752
299.155
260.627

15
-1
1
560.298
45
334.044
217.32
225.383

16
1
0
517.85
21
93.4257
293.835
213.898

17
1
0
517.149
13
351.001
304.366
231.806

18
1
0
507.96
21
83.3651
326.477
213.149

19
1
1
499.879
30
54.603
198.902
214.594

20
-1
1
495.729
44
332.529
249.993
224.36

21
-1
1
495.147
44
206.371
315.091
222.475

22
-1
1
466.99
44
207.513
282.383
223.451

23
1
0
464.42
23
66.0889
197.802
215.851

24
1
0
454.31
15
280.9
206.413
234.931

25
1
0
446.338
15
348.628
271.237
233.128

26
1
0
444.124
20
80.4419
229.005
215.595

27
1
0
411.42
20
156.897
261.282
214.868



28

0
1
1
2100.54
32
109.524
1078.21
239.866

1
1
1
1979.71
32
295.465
948.382
234.627

2
1
1
1640.63
33
267.372
1013.92
237.433

3
1
1
1592.17
33
79.5069
1045.72
238.639

4
1
1
1589.66
33
71.3255
980.638
236.04

5
1
0
1563.89
17
272.2
1078.24
261.259

6
1
0
1083.13
15
356.246
1081.36
234.665

7
1
0
811.047
14
275.333
1048.73
259.188

8
1
0
746.908
15
350.286
952.023
229.461

9
-1
1
722.944
44
36.6264
961.417
247.915

10
-1
1
710.183
43
278
1027.4
250.366

11
1
0
698.274
12
91.0029
942.401
238.192

12
1
0
694.54
16
282.513
1050.31
233.863

13
-1
1
680.247
43
256.882
994.381
248.916

14
-1
1
662.225
44
241.994
1060.42
251.717

15
-1
0
631.931
20
93.5587
1077.49
252.117

16
1
1
618.793
32
300.869
946.183
259.23

17
1
0
542.105
16
10.7224
915.938
254.325

18
-1
0
486.324
20
78.1662
947.139
220.27

19
1
1
477.931
31
262.481
1044.33
261.218

20
1
0
473.072
17
88.2037
1082.72
217.093

21
-1
1
467.252
44
51.6595
962.726
220.984

22
-1
0
443.191
20
82.9562
946.179
246.476

23
-1
1
437.865
43
81.8002
1061.01
225.062

24
-1
1
434.052
43
72.393
995.547
222.264

25
-1
0
412.35
20
265.107
1078.18
225.647

26
-1
1
410.99
43
57.9411
1028.09
223.669

27
1
0
407.133
14
192.025
1006.33
231.107



27

0
1
1
1999.75
32
236.937
1514.42
257.929

1
1
1
1932.96
32
28.9889
1446.24
261.076

2
1
0
1842.47
23
3.42369
1516.8
257.834

3
1
1
1800.61
32
240.176
1582.46
253.878

4
1
1
1703.94
34
83.3951
1479.74
259.768

5
1
1
1536.22
34
243.281
1548.78
255.716

6
1
0
1454.32
23
350.051
1551.65
254.684

7
1
0
1330.42
23
0.721103
1582.1
277.843

8
1
1
1276.04
28
4.97723
1581.66
279.022

9
1
0
1206.04
16
330.737
1449.52
283.26

10
1
0
902.514
17
269.214
1517.7
279.954

11
1
0
841.1
18
282.111
1552.3
278.212

12
1
0
833.981
18
262.539
1483.62
282.244

13
1
0
811.653
13
176.684
1541.34
259.851

14
1
0
690.99
17
357.715
1412.26
284.5

15
-1
1
645.304
45
288.204
1460.12
273.475

16
-1
1
589.185
45
283.145
1494.97
271.839

17
-1
1
585.554
45
256.659
1529.2
270.129

18
-1
1
524.864
45
224.224
1563.8
268.562

19
1
0
499.065
19
12.3327
1585.58
229.558

20
-1
1
459.815
46
49.9986
1459.83
246.62

21
1
0
430.101
18
24.5236
1448.74
237.252

22
1
0
428.72
14
87.003
1439.55
264.768

23
1
0
419.803
22
6.74979
1414.76
264.153

24
-1
0
411.884
15
3.13165
1414.09
276.601

25
-1
1
411.834
45
203.167
1528.63
243.26

26
-1
1
402.64
45
204.492
1494.18
244.938



32

0
1
1
2265.39
32
337.677
206.838
616.548

1
1
1
2165.97
31
118.897
303.999
622.052

2
1
1
1999.52
33
301.382
239.605
618.356

3
1
1
1951.99
32
306.124
175.488
614.85

4
1
1
1827.36
32
335.167
272.09
620.216

5
1
0
850.17
14
77.3529
212.678
619.813

6
1
0
849.806
16
85.4099
277.428
623.368

7
1
1
818.05
29
184.331
174.718
638.605

8
-1
1
729.115
44
329.212
190.541
628.187

9
1
0
658.775
21
105.176
303.037
598.958

10
1
1
645.036
30
247.881
303.006
644.971

11
-1
1
634.982
44
22.8299
288.879
633.464

12
1
0
629.02
20
103.416
204.845
593.238

13
1
0
626.967
22
91.0999
173.358
590.935

14
1
0
607.658
14
100.826
269.277
597.564

15
1
1
605.931
30
78.048
175.578
590.113

16
1
1
572.878
31
283.231
207.822
591.776

17
-1
1
550.324
44
26.1597
255.891
631.443

18
-1
1
550.239
44
154.547
223.229
629.844

19
-1
1
549.364
44
335.661
192.351
601.664

20
-1
1
519.384
44
319.476
224.506
603.229

21
1
0
503.59
17
249.446
299.111
642.676

22
-1
1
496.678
44
334.099
257.104
605.098

23
-1
1
474.249
44
32.9181
289.832
606.941

24
1
0
450.25
13
192.097
202.606
611.238

25
1
1
450.098
31
105.592
305.724
597.384

26
1
1
446.665
32
244.833
270.802
643.128

27
1
0
446.479
17
265.502
233.79
638.961

28
1
0
438.355
17
267.573
266.19
640.956

29
1
0
422.912
14
194.86
267.435
614.397

30
-1
0
420.33
15
178.902
334.929
608.67

31
1
0
412.263
17
207.228
201.188
637.627



54

0
1
1
2287.63
32
224.831
1069.87
635.837

1
1
0
2134.96
15
16.1299
1069.17
656.091

2
1
1
1945.47
32
61.1884
941.364
626.222

3
1
0
1904.8
16
14.0137
1041.02
636.585

4
1
0
1874.15
17
12.6013
1071.82
638.891

5
1
1
1828.62
33
81.3816
973.692
628.691

6
1
0
1749.04
15
100.953
966.044
631.187

7
1
1
1723.47
33
77.3901
1006.22
631.12

8
1
0
1487.33
17
15.9435
1008.76
634.179

9
1
0
1462.8
9
94.2635
1030.28
636.714

10
1
0
1124.97
12
25.0764
1010.61
608.829

11
1
0
1076.23
18
87.8176
1074.39
612.756

12
1
0
963.584
13
101.349
999.983
608.14

13
-1
0
958.413
21
29.5318
1084.7
610.127

14
1
0
948.241
13
103.792
967.763
606.018

15
1
0
945.825
14
355.917
1072.84
630.213

16
1
0
908.912
16
268.462
1039.81
653.728

17
-1
0
811.252
21
88.0753
924.405
598.432

18
1
0
753.054
12
76.4044
946.353
604.795

19
-1
0
749.335
20
100.446
1067.65
647.209

20
1
0
745.698
13
349.481
977.701
623.625

21
1
0
744.396
14
351.53
945.462
621.099

22
1
0
716.511
13
83.7698
978.69
606.66

23
-1
0
714.316
15
264.397
1036.13
631.414

24
-1
1
703.945
43
37.6858
953.818
638.992

25
-1
1
702.252
43
66.5769
955.628
612.704

26
-1
1
690.422
43
216.673
1051.75
646.668

27
-1
0
684.988
15
271.775
1004.16
628.929

28
-1
1
657.046
43
52.5711
1052.97
620.207

29
-1
0
656.567
20
47.6903
1019.78
606.281

30
-1
0
651.763
20
47.0225
1051.89
609.028

31
-1
1
633.916
43
72.5932
988.249
615.064

32
-1
0
628.982
20
100.37
1069.56
621.201

33
-1
0
617.788
20
50.1858
987.246
604.154

34
-1
1
593.869
43
73.587
1020.31
617.582

35
-1
0
593.757
15
270.228
971.997
626.556

36
1
0
591.067
16
19.5874
914.37
601.228

37
-1
1
585.608
42
249.761
1019.1
644.058

38
-1
0
585.188
15
212.413
1067.2
633.517

39
-1
1
585.128
42
244.436
986.639
641.586

40
-1
0
531.329
15
234.925
1038.3
605.625

41
-1
0
499.382
15
270.817
942.363
598.493

42
-1
0
496.799
20
81.968
939.725
637.655

43
1
0
480.001
17
20.7406
912.232
626.986

44
-1
0
474.925
15
217.014
1069.39
607.695

45
-1
0
455.899
20
58.2108
955.216
601.608

46
-1
0
450.916
15
262.179
939.772
623.988

47
-1
1
443.116
30
31.8751
924.08
601.965

48
-1
0
430.849
15
265.484
974.308
600.813

49
-1
0
429.292
15
251.23
1006.08
603.103

50
-1
1
425.881
42
174.885
1083.35
621.736

51
-1
1
415.323
42
8.89347
923.3
610.052

52
-1
0
410.448
20
81.4374
940.079
611.902

53
-1
0
407.279
20
75.7599
941.977
596.008



64

0
1
1
3639.38
31
343.208
1456.51
620.227

1
1
1
3220.12
31
251.865
1592.43
625.652

2
1
0
3148.08
24
252.199
1590.57
649.517

3
1
1
3073.6
29
258.303
1590.14
650.517

4
1
1
3027.34
32
235.887
1524.72
622.91

5
1
1
2963.21
32
109.512
1559.26
624.121

6
1
0
2914.33
24
4.8965
1526.51
623.4

7
1
0
2895.87
23
359.818
1561.24
624.415

8
1
1
2848.56
33
238.274
1490.33
621.921

9
1
0
2774.48
24
4.01625
1492.29
622.653

10
-1
0
2562.85
22
101.446
1588.3
637.948

11
1
0
2163.74
14
352.503
1459.95
616.074

12
1
0
2063.2
15
355.926
1493.55
617.754

13
-1
0
1555.01
24
251.572
1590.54
611.582

14
1
0
1476.32
14
258.68
1594.47
620.736

15
1
0
1381.48
19
27.9566
1527.73
599.372

16
1
0
1374.69
16
355.003
1561.07
645.651

17
1
0
1372.61
20
98.5431
1596.04
600.901

18
1
0
1329.24
16
353.537
1526.6
644.327

19
1
0
1320.7
15
96.8939
1550.53
627.405

20
1
0
1298.53
18
83.3615
1562.58
600.756

21
1
0
1252.36
15
337.587
1458.67
641.09

22
1
0
1228.05
17
265.059
1492.46
642.688

23
1
0
1107.06
17
36.0447
1460.35
597.3

24
-1
1
1068.61
25
252.169
1590.31
611.48

25
1
0
1043.52
14
102.494
1584.65
628.484

26
1
0
1043.34
20
10.6526
1421.64
641.334

27
1
0
1016.99
18
258.535
1428.05
584.717

28
-1
1
1012.65
45
140.065
1470.1
606.38

29
1
0
946.113
14
97.6825
1516.39
625.99

30
1
0
925.76
21
8.04116
1425.57
618.429

31
1
0
883.142
20
98.767
1517.09
598.793

32
-1
0
870.594
19
37.511
1502.82
596.379

33
-1
1
842.097
45
129.363
1504.28
606.976

34
-1
0
840.052
22
38.4465
1435.12
592.545

35
1
0
817.267
18
35.3561
1496.86
589.182

36
1
0
811.472
13
14.8979
1426.15
595.656

37
-1
0
791.551
14
9.62611
1423.62
632.695

38
1
0
789.148
16
36.617
1494.32
598.519

39
1
1
787.865
30
357.108
1421.35
644.064

40
1
0
785.028
15
98.3873
1551.25
601.131

41
-1
1
733.975
45
53.5497
1538.54
608.748

42
-1
1
721.431
43
8.74975
1469.21
632.732

43
-1
0
695.559
20
32.758
1536.91
597.322

44
-1
1
667.011
44
175.187
1503.47
634.425

45
1
0
658.487
13
97.3008
1449.65
623.469

46
-1
1
655.656
45
245.874
1573.48
637.55

47
-1
1
644.25
45
247.685
1578.69
637.795

48
1
0
637.354
14
92.8864
1585.58
602.276

49
-1
0
605.217
15
208.462
1487.04
619.401

50
-1
1
603.749
45
29.2187
1537.97
635.958

51
-1
1
602.834
46
127.098
1573.32
610.275

52
1
1
592.857
44
133.459
1490.42
592.372

53
-1
0
591.572
18
33.0033
1467.86
595.438

54
-1
0
582.074
20
33.1264
1571.15
598.239

55
-1
1
571.294
44
32.0521
1435.32
604.092

56
-1
0
541.477
14
204.966
1521.32
620.967

57
-1
0
502.991
14
244.201
1453.65
618.058

58
-1
0
501.187
20
354.485
1468.63
616.909

59
-1
0
462.709
22
28.5808
1606.99
599.359

60
-1
1
455.004
30
48.7432
1505.45
599.895

61
-1
0
440.336
16
201.951
1488.76
592.644

62
-1
0
419.687
19
86.9103
1453.11
631.749

63
-1
1
407.641
29
43.3725
1436.17
595.842



33

0
1
1
2626.9
31
335.57
269.182
928.489

1
1
1
2545.98
32
121.397
172.982
933.02

2
1
1
2293.59
32
300.563
237.448
929.989

3
1
1
2285.5
33
331.03
205.244
931.381

4
1
1
2275.96
32
327.617
141.627
934.539

5
1
0
1338
17
77.7892
242.682
932.544

6
1
0
1180.12
14
78.0388
210.731
934.288

7
1
0
921.331
23
281.21
142.466
957.042

8
1
1
914.044
29
177.821
142.996
958.061

9
1
0
901.927
23
85.5307
140.504
910.794

10
1
0
811.347
20
94.9899
169.371
910.165

11
1
0
789.311
17
100.484
200.8
908.816

12
1
0
785.874
17
104.257
265.875
905.919

13
1
0
782.351
15
100.275
233.29
907.422

14
-1
1
777.831
44
19.4662
157.812
946.497

15
1
1
777.615
27
89.9787
140.474
910.368

16
-1
1
660.094
44
13.4273
255.509
941.246

17
-1
1
646.872
44
12.9024
190.683
944.466

18
-1
1
644.569
44
20.7753
222.752
942.822

19
1
0
608.941
13
84.2462
209.844
908.309

20
-1
1
593.047
44
123.236
254.16
914.646

21
-1
1
584.936
44
38.012
221.547
916.47

22
-1
1
582.668
45
38.9502
157.405
919.558

23
-1
1
569.877
44
38.8469
189.455
917.87

24
1
1
543.56
30
96.8385
269.391
903.778

25
1
1
516.511
30
0.640899
270.424
951.46

26
1
1
437.523
31
289.979
173.508
955.873

27
1
1
430.352
31
246.137
206.226
954.465

28
1
0
428.916
16
258.233
266.335
949.48

29
1
0
428.17
20
261.565
170.214
954.475

30
1
0
417.74
17
249.671
233.883
951.305

31
1
0
412.545
13
75.6174
177.881
910.209

32
1
0
404.437
18
263.687
201.9
952.922



75

0
-1
0
10213.5
20
17.1269
951.147
916.813

1
-1
0
5805.15
20
17.2694
982.503
918.865

2
-1
0
5301.27
20
19.8847
981.232
948.287

3
-1
0
4460.71
15
23.792
919.138
917.25

4
1
0
4058.47
16
16.5221
974.604
942.087

5
1
0
3585.85
16
10.1997
942.992
939.83

6
-1
0
3443.37
16
356.02
950.035
948.044

7
1
1
3164.72
34
347.297
939.72
937.118

8
1
1
3030.76
34
18.2425
970.335
938.985

9
1
1
3006.24
33
206.125
1003.34
940.576

10
1
0
2928.83
15
23.3477
943.629
914.502

11
1
0
2876.27
17
14.0715
910.32
937.886

12
1
1
2860.97
33
26.2099
907.043
935.132

13
1
0
2813.78
14
103.11
900.682
937.501

14
1
1
2709.83
32
61.5884
875.616
933.188

15
1
0
2697.99
17
15.0253
878.229
935.939

16
1
0
2503.24
14
34.4674
975.157
916.471

17
1
0
2497.33
15
260.745
1003.7
961.448

18
1
0
2389.92
15
100.869
932.915
939.568

19
1
0
2286.18
15
102.352
964.932
941.35

20
1
0
2175.69
16
101.887
997.541
943.302

21
1
0
1786.38
12
95.6864
870.051
935.757

22
1
0
1770.25
14
30.844
912.491
912.544

23
1
0
1678.46
15
75.9431
880.103
910.428

24
-1
0
1519.36
21
86.6253
1018.88
915.037

25
1
0
1379.13
20
86.8493
1007.43
917.223

26
1
1
1340.36
28
65.5005
968.349
914.602

27
-1
1
1272.02
42
10.3827
920.312
947.232

28
-1
0
1256.88
22
85.749
858.521
905.554

29
1
1
1234.05
30
60.882
906.179
911.013

30
-1
1
1168.91
43
17.9299
888.211
945.416

31
-1
1
1081.75
43
57.9823
889.968
919.043

32
1
0
1043.39
12
355.207
1006.69
935.142

33
-1
0
1014.1
20
99.1796
1001.49
952.217

34
1
0
949.71
15
11.732
848.185
907.931

35
-1
1
931.532
29
5.87037
1016.85
969.071

36
-1
0
919.33
22
57.9772
889.171
908.576

37
-1
1
864.214
31
66.3141
890.264
913.15

38
-1
0
859.972
15
256.589
1003.27
911.688

39
-1
0
828.097
15
268.736
876.597
904.314

40
-1
1
827.614
29
33.8844
858.338
908.783

41
1
0
809.517
22
60.7986
951.225
903.346

42
1
0
780.834
21
78.5255
983.087
905.289

43
-1
1
772.142
29
74.3463
1018.65
917.847

44
-1
0
771.981
14
268.7
970.324
936.135

45
1
0
771.046
20
10.3381
845.465
934.144

46
1
0
766.035
16
286.724
1023.29
906.66

47
-1
0
760.684
15
263.598
905.906
932.113

48
-1
0
754.398
15
267.094
938.285
934.234

49
-1
0
736.641
20
101.085
1003.34
925.948

50
-1
0
702.739
20
276.825
875.798
902.157

51
1
1
640.766
25
63.0445
952.156
902.698

52
-1
1
634.281
43
28.2328
857.903
916.697

53
-1
1
624.25
42
170.061
1017.36
925.957

54
1
1
610.097
26
64.2294
984.262
904.38

55
-1
0
606.873
15
268.27
874.206
930.153

56
-1
0
601.37
17
17.6744
917.189
946.873

57
1
0
599.746
16
254.615
1012.37
906.063

58
1
0
589.086
22
274.999
855.646
895.888

59
-1
0
553.255
13
265.319
940.882
908.424

60
1
0
542.995
21
287.177
887.296
899.106

61
1
0
536.299
16
331.382
975.749
955.89

62
1
0
530.063
20
53.5567
920.577
900.725

63
-1
0
527.634
13
267.425
972.946
910.442

64
-1
1
522.291
41
177.783
1014.73
952.553

65
1
1
498.421
30
182.624
870.411
955.706

66
-1
1
495.013
28
180.532
855.773
962.652

67
-1
0
486.01
15
19.3688
844.568
944.117

68
-1
0
469.389
15
258.448
908.289
906.526

69
-1
0
456.592
19
93.7341
871.819
944.498

70
-1
0
456.58
20
253.696
939.574
906.052

71
-1
0
448.754
20
88.7258
874.706
918.305

72
-1
0
442.476
20
253.436
907.865
904.078

73
-1
0
430.582
20
249.166
971.355
907.834

74
-1
0
416.097
13
85.8052
922.75
907.809



82

0
1
1
5378.72
32
338.141
1445.35
918.553

1
1
1
5092.95
32
85.736
1478.83
920.361

2
1
0
4677.31
24
92.3445
1514.82
923.617

3
1
1
4653.78
32
87.0187
1513.11
922.412

4
-1
0
4347.79
16
37.4763
1493.74
894.22

5
1
1
4324.42
33
97.1452
1547.3
924.316

6
1
1
4316.31
33
109.757
1579.58
926.151

7
1
0
4229.32
22
258.679
1579.71
949.403

8
1
0
3944.51
24
91.2775
1549.36
925.343

9
1
0
2845.82
15
97.1389
1471.06
923.246

10
-1
0
2685.6
16
60.5039
1563.67
898.261

11
1
0
2613.86
21
18.6517
1410.56
939.785

12
-1
0
2602.05
22
99.724
1578.29
938.733

13
-1
0
2567.1
20
45.3665
1562.23
898.482

14
1
0
2500.91
16
97.1083
1539.24
927.015

15
1
0
2295.22
15
97.1714
1504.86
925.161

16
1
0
2269.48
13
351.654
1448.5
913.589

17
1
0
2148.15
13
102.507
1573.28
929.214

18
1
0
2117.52
17
76.7651
1448.32
895.362

19
-1
0
2004.67
21
42.4989
1527.19
896.919

20
1
0
1977.26
20
79.1954
1550.09
900.418

21
1
0
1972.23
18
79.1396
1516.05
898.778

22
1
0
1955.21
11
354.988
1550.78
919.598

23
1
0
1933.07
20
80.4628
1481.77
896.692

24
1
0
1760.36
16
98.8255
1573.45
902.159

25
-1
0
1746.88
21
92.4893
1476.48
931.943

26
1
0
1733.53
21
89.7389
1583.04
901.679

27
1
0
1733.09
14
95.9724
1471.28
896.796

28
1
0
1711.48
15
95.5132
1505.23
898.732

29
-1
0
1671.38
21
39.7081
1457.88
892.963

30
1
1
1646.05
32
103.424
1580.66
900.466

31
-1
0
1559.48
21
93.4053
1511.1
934.271

32
1
0
1505.94
15
236.511
1582.42
920.951

33
1
0
1433.43
17
101.901
1539.2
900.336

34
1
0
1407.94
17
266.846
1550.12
945.756

35
-1
1
1391.46
45
50.6603
1458.63
904.273

36
-1
0
1241.8
15
20.5451
1412.66
930.447

37
1
0
1195.38
14
91.6051
1439.02
921.509

38
-1
0
1153.07
20
85.6192
1442.84
930.119

39
1
1
1151.43
32
359.753
1412.4
918.63

40
-1
0
1091.88
22
33.6878
1424.79
890.765

41
-1
0
1066.91
21
91.6597
1545.89
936.433

42
1
0
1062.81
13
259.583
1482
941.256

43
-1
1
1030.55
45
121.385
1492.39
905.487

44
-1
1
1003.64
46
276.059
1458.63
931.697

45
-1
0
973.824
21
90.708
1476.19
905.281

46
-1
1
952.096
45
122.197
1526.55
907.343

47
-1
1
951.856
45
131.829
1561.1
909.062

48
-1
0
928.198
21
88.8575
1443.06
903.623

49
-1
1
873.612
45
233
1566
938.678

50
-1
1
852.124
46
263.157
1492.66
933.896

51
-1
1
850.47
45
262.211
1526.46
935.434

52
-1
0
834.545
14
211.997
1544.22
921.835

53
-1
0
832.497
14
259.184
1509.95
919.976

54
1
0
828.821
15
27.5413
1415.17
892.972

55
-1
0
815.098
15
224.793
1545.07
895.002

56
-1
0
806.064
22
22.6489
1594.5
900.046

57
-1
0
779
15
248.381
1442.49
915.875

58
-1
0
772.943
20
92.7207
1512.1
907.43

59
-1
0
727.941
15
219.676
1443.23
889.498

60
-1
0
679.617
15
206.886
1578.22
896.494

61
-1
0
641.697
21
94.296
1545.39
909.242

62
-1
0
626.516
14
255.223
1475.81
917.941

63
-1
1
624.59
47
131.455
1567.58
911.888

64
-1
0
599.72
15
219.341
1476.76
891.504

65
-1
0
578.971
20
241.662
1442.74
887.584

66
-1
2
575.923
56
208.057
1563.61
940.647

67
-1
1
563.213
44
6.62234
1424.4
902.022

68
1
1
545.248
45
51.7666
1443.95
889.341

69
-1
1
521.6
43
85.7464
1594.12
910.865

70
-1
2
507.627
60
142.356
1565.16
909.666

71
1
0
504.982
16
291.68
1428.71
882.356

72
-1
0
495.635
15
231.224
1510.45
893.342

73
1
0
479.161
14
219.514
1450.26
886.235

74
-1
0
463.75
20
240.925
1490.37
942.649

75
-1
1
449.565
44
353.243
1429.5
904.938

76
-1
0
439.152
20
248.359
1559.3
947.056

77
1
0
436.932
13
217.778
1483.43
888.925

78
-1
0
425.51
12
354.597
1455.58
912.731

79
1
0
411.662
13
199.143
1407.18
921.744

80
-1
1
407.306
43
181.329
1592.59
938.264

81
-1
1
405.036
42
359.131
1422.53
929.167



