9

29

0
1
0
5735.83
17
114.599
920.971
583.247

1
1
2
2985.25
82
337.073
934.034
579.509

2
1
1
2958.86
44
143.918
973.489
628.667

3
-1
0
2763.12
20
250.18
932.434
580.173

4
1
0
1736.41
19
339.469
945.158
559.111

5
1
0
1714.4
23
58.6683
934.817
589.805

6
1
1
1564.76
28
122.243
934.219
591.323

7
-1
0
1209.36
16
153.238
928.652
608.798

8
1
0
1131.03
15
119.763
907.539
586.135

9
-1
2
1115.89
63
97.8133
948.151
638.569

10
-1
1
1096.93
32
144.865
952.269
628.911

11
-1
0
1091.89
22
307.869
973.956
610.462

12
-1
1
1088.74
43
124.445
914.987
603.694

13
1
0
1049.37
20
146.181
965.981
627.237

14
1
0
1001.45
23
36.562
979.306
631.06

15
1
0
926.873
17
230.013
907.966
623.192

16
-1
0
840.487
14
52.1002
952.764
586.806

17
1
0
779.338
23
334.645
949.573
579.865

18
1
2
700.146
60
196.77
907.077
545.915

19
-1
0
696.499
21
341.368
953.089
567.085

20
-1
1
613.995
30
313.626
976.587
609.458

21
1
0
611.407
14
43.5417
946.076
582.059

22
-1
2
555.482
52
125.623
907.836
606.998

23
-1
0
484.064
23
91.2552
929.179
635.478

24
-1
0
476.701
15
53.8542
938.726
599.545

25
1
0
460.32
20
61.8888
937.436
628.442

26
1
1
452.651
30
323.375
966.159
599.51

27
1
1
446.857
47
182.332
900.168
555.106

28
-1
1
417.711
42
239.602
922.39
566.865



24

0
1
0
6716.94
17
238.842
938.786
562.673

1
1
1
3364.18
45
152.989
958.079
627.479

2
1
2
3328.16
74
350.14
933.149
571.002

3
1
0
2853.72
22
71.8314
932.186
579.062

4
-1
0
2561.79
15
266.042
933.748
569.455

5
-1
0
2069.63
21
264.976
931.233
569.351

6
1
0
1628.3
17
137.102
907.213
568.227

7
1
0
1613.11
17
355.034
947.031
575.49

8
1
0
1444.9
17
353.898
951.392
552.315

9
-1
1
1042.8
32
163.966
937.574
622.394

10
1
0
1009.89
22
333.262
961.615
621.864

11
-1
1
982.965
30
144.446
915.596
593.24

12
-1
1
972.094
42
136.11
911.868
589.097

13
-1
1
895.195
30
338.949
965.81
608.6

14
1
0
814.546
19
244.936
895.167
604.394

15
1
0
657.878
20
354.814
957.764
598.544

16
1
0
546.113
23
98.8007
913.299
607.279

17
1
0
523.822
19
75.7245
923.246
617.064

18
-1
0
505.48
17
75.8998
933.088
590.015

19
1
2
488.805
58
212.18
918.972
529.642

20
-1
1
481.741
44
252.979
926.338
553.723

21
1
1
444.763
27
101.936
913.572
608.444

22
-1
0
436.948
20
246.936
916.888
558.588

23
-1
1
412.949
27
240.445
933.788
549.557



37

0
1
0
6582.93
17
252.394
942.898
565.901

1
1
0
5278.48
14
138.624
923.631
567.25

2
1
1
3769.97
46
163.667
941.366
633.31

3
1
2
3427.12
82
10.4144
935.338
572.418

4
1
0
2122.73
23
98.08
932.007
580.105

5
1
0
1933.4
20
179.451
934.419
628.844

6
-1
0
1852.05
14
275.789
936.419
571.446

7
-1
0
1674.92
22
276.482
933.493
570.461

8
1
0
1439.57
17
22.5803
957.641
560.056

9
-1
2
1215.84
60
158.521
914.823
626.196

10
-1
1
1160.88
40
158.178
907.809
584.264

11
-1
0
1136.32
15
262.527
912.951
592.685

12
-1
0
1108.48
22
183.123
926.522
620.98

13
-1
1
1055.17
31
176.159
923.502
621.93

14
-1
1
1034.51
33
159.806
907.997
588.188

15
-1
0
967.291
16
178.775
928.472
620.661

16
-1
2
822.298
63
166.919
898.257
578.791

17
-1
1
789.681
31
1.45944
954.491
618.266

18
1
0
780.272
23
264.644
905.068
600.87

19
-1
0
779.837
16
13.5825
952.402
579.083

20
-1
0
767.208
15
340.563
951.553
624.036

21
-1
1
744.943
30
267.068
940.631
552.564

22
-1
0
659.03
21
355.007
900.86
617.949

23
-1
2
599.255
79
176.875
891.92
577.467

24
1
0
598.335
13
160.77
911.288
560.527

25
1
1
597.398
28
110.919
904.63
602.195

26
-1
0
573.865
16
94.4118
929.938
589.428

27
1
0
572.583
19
91.7389
911.438
613.495

28
1
0
549.753
22
276.816
887.515
592.967

29
-1
1
509.982
44
270.978
932.739
553.991

30
-1
0
494.169
15
329.154
940.049
622.633

31
-1
0
492.208
20
156.663
911.619
574.714

32
1
2
491.786
58
258.171
933.489
529.045

33
-1
3
478.023
172
165.703
857.665
561.928

34
1
0
466.184
19
107.356
920.456
598.357

35
-1
0
451.936
20
99.6684
914.281
605.912

36
-1
0
407.412
15
97.792
911.144
604.914



29

0
1
0
5970.55
18
288.405
957.781
572.086

1
1
1
4101.96
44
148.167
931.911
634.483

2
1
0
3935.19
17
300.311
939.31
566.242

3
1
2
2894
76
22.9112
947.384
574.147

4
1
0
1834.21
23
194.36
927.028
628.638

5
1
0
1753.08
23
112.344
933.183
641.693

6
1
0
1719.59
21
113.304
942.459
581.198

7
-1
2
1309.99
61
159.555
909.467
617.631

8
-1
1
1305.02
32
199.409
918.991
617.746

9
1
0
1119.04
18
49.0844
973.085
571.92

10
-1
0
1075.38
16
13.3682
945.069
628.951

11
-1
0
1059.19
21
285.237
947.279
572.479

12
-1
0
1057.87
22
10.0451
900.57
605.333

13
-1
2
1047.17
60
183.239
912.489
568.65

14
1
0
993.73
23
13.7226
886.876
613.851

15
1
1
964.594
31
13.0821
887.093
611.822

16
-1
0
828.458
21
176.2
922.993
565.944

17
-1
1
684.132
33
185.639
914.467
579.279

18
-1
0
658.562
15
204.575
917.61
585.423

19
-1
0
649.62
15
111.381
936.681
589.504

20
-1
0
602.97
15
346.78
934.799
624.409

21
-1
1
552.526
30
26.5749
949.573
626.247

22
1
2
503.382
53
337.232
961.045
534.666

23
-1
0
484.6
20
124.567
916.548
599.15

24
1
0
451.079
20
111.091
911.322
605.432

25
1
1
442.884
23
217.322
924.261
593.206

26
-1
1
438.806
27
286.384
959.699
559.311

27
1
0
428.105
22
250.461
909.04
591.407

28
1
0
401.08
24
162.78
931.482
608.114



34

0
1
0
6161.77
16
294.688
1013.3
577.702

1
1
0
5203.36
15
311.916
995.906
568.136

2
1
1
4214.34
44
198.845
975.176
632.864

3
1
2
2598.2
90
33.1058
1001.74
576.021

4
-1
1
1556.72
30
207.671
966.87
614.244

5
-1
0
1466.92
22
209.99
969.769
614.056

6
1
0
1380.06
15
44.055
1006.57
591.082

7
-1
2
1321.98
61
178.471
956.694
612.071

8
1
1
1177.98
33
24.5503
933.126
603.787

9
1
0
1073.62
22
219.682
972.293
589.266

10
1
0
1068.69
18
55.3695
1027.65
580.452

11
-1
0
1068.2
21
298.165
1002.7
575.932

12
1
0
1048.38
17
117.794
997.188
583.139

13
-1
0
975.644
16
22.3813
988.969
629.983

14
-1
2
960.956
62
199.663
965.974
562.724

15
-1
0
951.158
23
19.1051
950.309
598.258

16
1
1
872.819
27
223.923
973.53
589.501

17
-1
0
840.054
20
16.8604
990.436
629.718

18
-1
0
796.195
17
133.636
967.643
596.97

19
-1
2
782.291
81
204.992
958.5
557.316

20
-1
1
724.38
25
17.5007
950.163
599.305

21
1
0
701.475
15
128.914
972.931
603.458

22
-1
0
679.47
22
228.336
966.948
579.835

23
-1
1
675.959
31
204.218
966.76
575.9

24
1
0
620.608
17
120.335
960.354
601.058

25
1
2
610.738
53
344.865
1023.23
541.379

26
-1
0
608.991
16
117.944
989.444
590.601

27
-1
0
504.1
15
344.562
979.386
623.88

28
-1
1
475.451
30
44.3724
993.635
629.486

29
-1
0
475.23
21
192.578
976.402
566.103

30
1
0
442.22
21
148.046
979.809
608.161

31
-1
0
430.507
22
297.817
1016.14
566.68

32
-1
0
420.982
20
7.86554
949.574
579.98

33
-1
0
401.053
15
140.744
992.34
575.589



31

0
1
0
6394.47
18
223.601
932.031
569.329

1
1
0
6010.05
14
307.382
917.421
581.975

2
1
2
3033.97
83
336.489
930.108
577.884

3
1
1
2889.46
44
145.751
970.82
625.871

4
-1
0
2447.45
20
253.145
928.42
578.529

5
1
1
1607.09
30
111.182
930.312
589.934

6
1
0
1332.47
17
120.408
904.184
584.295

7
1
0
1238.29
20
337.648
940.676
556.907

8
-1
0
1214.27
22
316.936
970.924
607.776

9
-1
1
1210.25
43
125.246
912.334
602.296

10
-1
0
1168.91
16
243.153
926.01
607.144

11
-1
2
1158.89
63
96.7361
945.504
636.385

12
-1
1
1019.8
32
147.356
949.691
626.744

13
1
0
1005.79
19
145.3
963.208
624.811

14
-1
0
964.06
20
147.119
924.695
606.432

15
-1
0
944.713
14
55.408
949.341
584.452

16
1
0
758.144
24
330.561
946.112
577.71

17
1
0
732.747
18
215.083
905.347
621.569

18
1
2
732.299
60
195.218
901.763
545.207

19
-1
2
693.124
55
129.825
904.577
605.695

20
-1
1
663.947
30
121.4
920.649
604.058

21
1
0
602.383
16
50.241
933.903
626.746

22
-1
1
601.98
31
313.771
973.358
607.053

23
-1
0
554.422
23
337.779
949.548
565.966

24
1
0
509.173
14
41.4074
942.143
579.9

25
1
1
508.589
31
328.166
962.698
597.17

26
-1
1
482.378
30
337.297
949.646
566.739

27
1
0
465.004
22
77.056
934.682
609.21

28
-1
1
464.865
42
235.413
917.963
565.179

29
-1
0
460.098
16
55.2963
935.421
597.997

30
-1
1
405.633
26
84.9133
927.828
635.767



30

0
1
0
6177.06
19
231.166
944.642
570.643

1
1
0
5229.17
17
138.58
926.162
577.528

2
1
1
3726.03
45
160.416
957.924
637.703

3
1
2
3189.59
73
157.547
937.687
578.679

4
1
0
2511.92
23
72.481
937.883
587.672

5
-1
0
2264.67
15
270.196
939.553
578.21

6
1
0
2005.84
15
349.985
952.701
584.551

7
1
1
1814.04
28
136.131
937.484
588.294

8
1
0
1807.68
20
173.793
951.07
634.25

9
-1
0
1802.47
21
269.693
937.117
577.927

10
-1
1
1400.72
31
356.649
968.43
619.979

11
1
0
1375.97
19
355.989
956.846
561.714

12
1
0
1300.46
15
132.741
912.817
575.454

13
-1
1
1059.18
31
167.37
938.711
631.727

14
-1
1
1002.06
42
138.739
916.57
597.286

15
1
0
882.768
20
248.186
900.295
611.524

16
-1
1
825.563
29
147.374
919.837
601.493

17
1
0
752.49
23
258.327
918.311
614.616

18
1
0
674.856
22
359.789
962.596
607.532

19
1
2
597.057
59
191.713
925.596
537.797

20
-1
1
592.285
44
254.182
932.655
562.307

21
-1
0
580.023
16
72.7694
938.452
598.14

22
-1
0
578.22
15
193.023
954.869
626.721

23
-1
1
550.762
27
251.685
940.385
558.169

24
1
1
545.085
27
99.5002
918.836
616.041

25
1
0
526.737
20
80.5615
927.49
625.264

26
1
1
511.038
29
1.90039
961.374
606.773

27
-1
1
485.996
30
1.67042
962.031
578.125

28
1
0
453.015
20
126.997
933.111
608.543

29
-1
0
451.723
22
4.40373
960.157
579.53



31

0
1
0
6460.7
17
286.094
978.91
572.073

1
1
1
4247.77
44
148.712
947.545
632.281

2
1
2
2756.93
74
37.5769
967.842
574.128

3
1
0
1787.83
20
113.594
963.367
580.397

4
-1
0
1467.03
21
207.759
941.052
615.483

5
-1
0
1188.31
22
10.658
920.692
604.179

6
1
1
1180.9
32
15.8729
906.687
610.13

7
-1
1
1141.68
31
203.249
936.63
615.212

8
-1
2
1137.69
61
193.498
932.897
567.44

9
-1
2
1128.58
60
169.141
928.338
613.875

10
-1
0
994.768
22
299.736
968.34
572.427

11
1
0
994.559
21
41.5632
994.123
572.095

12
1
0
887.894
22
246.272
943.113
592.295

13
-1
0
871.175
15
264.133
937.839
585.312

14
-1
1
854.986
32
199.354
934.623
578.968

15
-1
0
808.826
16
33.3699
982.077
587.275

16
-1
1
785.03
30
34.5771
966.874
626.237

17
-1
0
740.353
22
179.786
943.892
565.927

18
1
0
711.067
21
166.35
949.358
607.847

19
1
0
675.52
17
116.879
931.051
604.873

20
-1
0
670.584
22
206.406
936.226
582.643

21
-1
0
615.311
19
113.058
957.679
589.919

22
-1
1
557.792
29
287.493
980.486
558.868

23
-1
0
518.104
17
48.3259
967.755
620.225

24
1
2
510.688
54
340.424
982.776
535.05

25
-1
0
500.442
21
42.0041
966.844
621.771

26
-1
0
490.612
19
121.652
937.45
598.764

27
-1
0
489.163
23
290.407
980.278
561.555

28
-1
1
472.937
39
284.315
976.534
557.889

29
-1
1
456.409
42
281.429
973.117
558.22

30
1
0
445.671
22
34.8159
970.699
611.805



32

0
1
0
6501.66
19
305.43
999.615
581.592

1
1
1
4518.56
44
36.6181
956.221
634.241

2
1
2
2467.49
87
201.092
987.272
579.909

3
-1
0
2049.46
22
218.869
953.086
616.073

4
1
0
1989.1
23
123.894
956.94
641.302

5
-1
1
1858.69
30
219.544
950.145
615.995

6
1
0
1199.07
18
59.8957
1013.4
585.006

7
1
1
1170.84
33
25.1036
918.439
606.326

8
1
0
1137.56
23
230.788
958.035
592.014

9
-1
2
1085.18
61
182.439
941.824
611.433

10
-1
0
1080.86
21
298.35
988.185
579.857

11
1
0
1007.96
16
121.857
982.999
587.127

12
-1
0
966.097
23
19.8711
936
601.282

13
-1
2
946.329
61
201.715
952.434
565.849

14
1
1
929.77
24
230.458
959.083
591.921

15
1
0
907.375
21
166.071
962.843
611.671

16
-1
0
880.134
18
138.234
952.693
599.364

17
-1
0
765.533
22
25.2932
972.862
632.321

18
-1
0
752.043
20
228.642
953.364
583.652

19
-1
1
744.193
30
27.8614
976.259
632.066

20
-1
0
732.169
16
228.43
953.313
585.019

21
1
2
681.327
55
286.601
1009.67
545.264

22
-1
0
681.039
15
14.5104
969.233
633.072

23
-1
0
660.928
17
53.1008
999.093
597.361

24
1
0
627.997
18
126.261
945.621
603.754

25
-1
0
621.785
17
121.289
974.031
593.947

26
-1
1
580.816
31
216.675
953.314
578.706

27
-1
0
445.781
20
190.534
962.889
568.971

28
-1
0
439.923
20
14.4575
935.998
582.902

29
1
0
428.755
15
157.049
957.95
606.197

30
-1
0
426.347
19
315.543
989.733
561.876

31
1
0
419.466
18
46.5687
982.397
619.349



