9

28

0
1
3
15710.6
131
152.992
967.5
589.846

1
1
2
13387
91
310.009
923.334
533.447

2
1
0
7733.93
21
82.5571
975.654
619.925

3
1
0
7358.24
16
120.794
944.875
539.313

4
1
0
5685.93
13
314.794
933.071
554.91

5
1
1
5366.08
35
139.503
940.119
601.97

6
1
0
4022.42
24
305.873
944.964
522.363

7
-1
0
3824.58
23
11.7939
935.721
545.185

8
-1
1
3519.4
30
222.435
943.568
550.164

9
-1
0
3463.9
21
24.3806
935.916
536.047

10
1
0
3408.49
19
315.521
995.205
572.321

11
-1
1
3158.96
30
15.9194
936.452
543.176

12
1
1
2934.74
45
300.368
961.372
556.905

13
-1
1
2871.37
40
12.1265
939.922
545.36

14
-1
2
2721.55
88
167.387
916.095
581.367

15
1
1
2230.79
32
17.3375
984.487
599.683

16
1
0
2053.65
22
103.797
956.957
618.701

17
1
0
2003.46
23
11.6453
986.678
599.834

18
1
1
1804.99
29
107.567
956.579
617.741

19
-1
1
1090.02
29
19.3639
998.913
597.918

20
-1
0
787.858
13
40.629
988.23
579.117

21
-1
2
731.164
73
309.643
965.989
529.104

22
-1
1
521.923
28
200.849
946.159
583.783

23
1
0
494.429
15
5.71052
1003.14
583.978

24
-1
1
485.129
25
95.4374
965.388
629.024

25
1
0
467.749
22
194.885
961.868
582.257

26
1
0
423.378
13
124.537
946.807
610.768

27
-1
0
401.061
19
169.226
901.866
545.661



30

0
1
3
16333.8
132
175.076
964.292
587.627

1
1
2
13681.7
92
211.496
939.822
522.062

2
1
0
7898.8
15
112.85
960.107
532.786

3
1
0
7707.93
21
81.5582
961.185
619.115

4
1
1
5938.08
32
87.3774
961.228
616.456

5
1
0
5389.97
13
65.9684
943.688
543.353

6
1
0
5372.47
22
135.546
928.929
540.829

7
1
1
4696.61
36
155.779
934.158
589.827

8
-1
0
3967.58
23
34.3089
950.128
534.811

9
-1
1
3657.46
30
18.3933
950.701
534.059

10
1
1
3299.35
48
324.396
969.16
555.949

11
-1
1
3138.87
30
245.648
955.24
542.196

12
1
1
3114.78
34
315.599
970.34
551.025

13
1
0
3069.43
15
338.476
965.785
519.781

14
-1
2
2988.77
59
207.409
932.851
564.859

15
-1
0
2717.57
22
41.19
952.222
526.234

16
-1
2
2599.07
87
163.119
919.112
564.214

17
1
0
1719.46
19
349.16
996.781
582.557

18
1
0
1687.15
24
127.578
941.429
611.601

19
1
1
1489.04
37
129.347
940.958
609.663

20
-1
2
1336.9
67
330.961
982.651
532.929

21
1
1
1253.05
35
40.7996
977.518
607.309

22
1
1
1035.77
45
37.9594
973.753
596.229

23
-1
0
826.346
15
23.489
987.51
604.193

24
1
0
811.341
14
331.973
988.242
571.088

25
-1
0
569.294
18
118.589
948.316
600.96

26
1
0
484.082
13
45.0625
973.92
608.154

27
1
0
436.201
23
207.774
961.124
578.957

28
-1
0
428.448
13
119.409
950.872
623.594

29
1
0
401.937
16
47.6884
999.739
594.095



23

0
1
3
15228.7
135
353.623
948.5
583.413

1
1
2
13096.6
94
213.47
935.8
515.894

2
1
0
7075.39
15
119.535
953.336
529.005

3
1
0
6900.44
21
88.5197
938.958
614.06

4
1
0
5129.8
14
82.9389
934.966
536.653

5
1
0
4628.26
22
144.816
920.814
531.209

6
1
0
4545.53
16
351.85
961.544
517.044

7
-1
1
3115.5
30
256.187
946.854
537.08

8
-1
0
3100.27
20
51.7816
947.238
520.825

9
-1
2
3075.34
61
213.098
920.359
555.149

10
-1
1
3039.47
32
35.9983
944.373
529.866

11
-1
2
2502.61
89
200.366
906.587
553.768

12
-1
2
1479.4
66
346.193
976.356
533.039

13
1
1
1272.12
35
52.3941
957.245
604.932

14
1
1
1147.81
40
141.272
920.702
601.201

15
1
0
1119.95
16
344.902
974.056
571.248

16
1
0
1031.2
24
136.122
921.914
604.117

17
-1
0
942.193
18
134.864
929.435
593.941

18
-1
0
786.991
15
33.9787
967.888
604.331

19
1
1
671.733
43
235.424
948.832
579.204

20
1
0
430.712
16
30.7448
981.723
596.954

21
1
0
429.615
13
41.6001
956.645
603.051

22
-1
0
407.323
22
122.752
929.337
613.27



30

0
1
3
15120.2
133
191.383
938.065
581.238

1
1
2
11849.6
95
244.4
942.998
512.876

2
1
0
8110.78
15
139.955
956.088
528.129

3
1
0
7499.07
21
105.626
923.247
608.138

4
1
1
5789.01
47
174.863
910.685
574.978

5
1
0
5280.58
23
352.113
965.982
516.575

6
-1
0
4650.84
19
99.1304
952.9
519.679

7
1
0
4098.06
13
75.2855
936.389
531.649

8
1
1
3729.76
32
342.708
958.214
548.653

9
-1
1
2969.53
41
37.9495
949.859
527.978

10
-1
2
2794.35
89
210.065
905.055
542.359

11
-1
1
2748.55
30
273.018
948.004
534.807

12
-1
2
2694.7
61
234.05
916.497
547.326

13
-1
2
1736.34
65
357.235
978.416
538.205

14
-1
0
1729.82
14
18.878
959.856
587.21

15
-1
1
1697.95
46
357.995
973.369
537.347

16
1
0
1604.7
22
359.915
966.35
572.404

17
-1
0
1593.78
17
111.524
918.449
586.111

18
1
1
1500.55
33
0.495418
964.301
572.668

19
1
1
1408.03
32
150.721
908.16
592.305

20
1
1
1234.23
35
67.5995
943.802
603.255

21
1
0
1233.72
25
153.352
907.348
591.6

22
1
0
1165.01
25
62.8551
944.018
604.434

23
-1
0
944.407
14
50.0689
953.712
605.018

24
-1
0
774.737
14
326.046
966.073
540.513

25
1
0
590.011
16
160.343
908.707
588.646

26
-1
0
476.141
24
138.085
913.53
604.333

27
1
0
454.193
22
61.0724
965.513
601.84

28
1
0
434.228
21
163.22
909.577
585.434

29
1
0
401.352
14
171.135
933.449
545.669



32

0
1
3
14556.5
134
197.443
962.115
560.898

1
1
2
12055.8
92
248.254
977.196
494.209

2
1
0
7649.19
15
130.868
988.4
511.815

3
1
0
6620.84
21
103.952
943.901
586.168

4
1
0
5194.41
14
66.7596
968.191
512.258

5
-1
0
4687.85
20
80.0508
986.56
503.166

6
1
1
3444.22
33
350.094
986.689
532.51

7
-1
1
3090.9
42
53.3045
981.438
510.801

8
-1
2
2886.84
89
213.13
934.41
518.888

9
-1
0
2698.99
16
104.738
942.274
563.363

10
-1
1
2579
32
41.5826
978.862
515.797

11
1
1
2144.29
32
157.57
930.888
568.168

12
-1
2
1613.22
67
2.46439
1007.67
525.204

13
1
0
1608.43
23
4.13187
991.759
559.879

14
1
1
1465.78
38
10.2055
989.247
558.436

15
-1
0
1350.74
15
56.3911
974.244
587.201

16
-1
0
1180.58
13
23.9842
983.767
570.957

17
1
0
1118.1
23
71.2423
964.174
586.047

18
-1
0
1083.83
15
336.317
996.143
525.837

19
-1
0
1046.7
14
281.912
982.749
518.044

20
1
1
978.404
33
72.8916
964.915
584.536

21
1
0
813.847
13
142.657
936.334
572.91

22
1
0
748.886
20
80.3937
986.566
585.476

23
-1
0
711.817
19
0.565725
1000.4
556.314

24
1
0
702.565
14
67.4066
974.705
500.39

25
1
1
641.45
42
250.755
962.803
555.365

26
1
1
612.214
33
61.7459
974.165
576.109

27
-1
0
537.124
13
150.64
933.567
585.836

28
-1
0
515.514
16
278.078
943.09
537.035

29
-1
0
449.973
14
280.349
968.688
520.185

30
1
0
430.987
14
24.2605
974.988
569.539

31
1
1
429.198
30
253.128
954.693
556.657



29

0
1
3
13778.3
134
204.538
967.724
558.019

1
1
2
11520.9
94
8.77633
991.318
494.343

2
1
0
6755.55
22
107.844
945.161
579.677

3
1
0
6353.64
23
2.3603
1012.19
503.794

4
-1
0
6042.24
20
81.8386
998.806
503.267

5
1
1
5952.21
32
2.13034
1011.91
500.969

6
1
0
4954.06
14
108.639
979.932
510.019

7
-1
0
3907.07
16
111.596
947.46
556.839

8
1
1
3324.67
46
0.760735
993.28
536.092

9
-1
2
2983.87
89
228.368
943.802
511.719

10
-1
1
2907.64
33
56.1804
989.986
515.095

11
1
1
2757.93
31
166.892
936.218
558.225

12
-1
1
2640.53
42
61.1989
992.64
510.591

13
1
0
2419.94
21
83.9476
961.857
580.957

14
1
0
1624.09
22
12.4762
996.776
560.766

15
-1
0
1516.01
23
69.0779
988.638
508.159

16
1
0
1498.67
15
72.9848
988.24
499.483

17
-1
2
1333.32
72
14.5611
1018.79
529.057

18
-1
0
1281.77
15
342.082
1005.32
527.516

19
-1
0
988.516
15
284.228
993.065
517.535

20
-1
0
920.36
16
68.9948
974.898
585.42

21
1
0
647.33
19
94.392
988.008
585.339

22
1
0
640.48
23
64.9349
975.375
576.207

23
1
0
614.06
14
53.4585
972.739
574.237

24
-1
0
590.64
14
94.9176
951.103
586.741

25
1
0
572.036
13
148.444
939.989
566.107

26
-1
0
566.647
15
283.177
952.317
531.373

27
-1
0
538.535
19
10.407
1005.72
556.953

28
-1
0
430.085
13
8.67546
1020.88
505.164



32

0
1
3
13824.6
133
31.1706
969.34
556.227

1
1
2
11273.5
95
11.0816
999.817
496.048

2
1
0
6791.54
21
111.683
945.386
576.056

3
-1
0
6722.15
20
87.2203
1005.52
505.16

4
1
1
6653.19
45
321.498
1017.98
496.854

5
1
0
6624.78
22
14.619
1018.92
507.574

6
-1
0
4780.85
16
107.84
949.804
553.612

7
1
0
4122.67
14
103.404
986.518
510.212

8
1
1
3379.83
34
359.88
1000.2
534.833

9
1
0
3163.91
23
352.172
1001.19
531.707

10
-1
2
3155.02
86
231.948
949.958
508.545

11
1
0
2949.35
17
178.037
977.31
498.272

12
1
0
2869.2
21
87.7306
962.922
578.918

13
1
1
2839.69
32
171.345
938.791
553.585

14
-1
1
2554.77
32
67.193
995.833
516.558

15
-1
1
2337.81
42
73.0999
999.242
511.363

16
1
0
2061.35
13
15.5226
1000.15
561.192

17
-1
1
1925.94
44
265.771
958.914
520.633

18
-1
2
1408.6
69
15.5853
1021.76
530.146

19
1
0
1380.82
15
78.1664
995.567
500.333

20
-1
1
1369.32
46
8.98173
1017.45
529.262

21
1
1
1349.19
33
23.2194
996.808
560.014

22
-1
0
1206.69
15
346.87
1010.1
529.412

23
-1
0
1181.86
21
68.561
995.052
509.045

24
-1
0
1162.84
15
71.9987
973.918
584.497

25
1
0
791.742
13
154.204
941.519
562.88

26
-1
0
770.244
16
292.15
998.17
518.257

27
1
0
741.501
15
31.2917
992.697
565.947

28
-1
0
486.625
14
297.54
954.9
526.796

29
-1
0
484.592
12
59.7019
981.285
578.545

30
-1
0
458.607
20
172.935
979.006
508.329

31
1
0
407.391
14
60.343
973.081
573.001



32

0
1
3
13836.9
132
222.854
962.672
551.781

1
1
1
7184.54
35
14.0936
1022.11
504.725

2
-1
0
7145.15
21
90.4367
1008.23
505.978

3
1
1
6779.49
42
341.5
1021.43
500.85

4
1
0
6661.29
22
17.9713
1021.61
510.31

5
1
0
6534.13
17
155.703
1007.89
514.608

6
1
0
6023.27
22
155.116
939.469
568.631

7
1
2
5776.09
68
174.068
942.128
540.977

8
-1
0
5698.66
16
308.081
946.935
547.051

9
1
1
3465.3
33
7.44903
999.39
534.729

10
-1
2
3108.58
84
240.712
951.851
502.944

11
1
1
2731.5
32
175.756
935.796
546.86

12
1
0
2644.7
16
30.9167
990.564
576.765

13
-1
1
2423.2
31
80.9324
997.362
515.776

14
1
0
2197.19
22
89.6271
958.985
573.749

15
-1
1
2193.51
41
99.0211
1001.14
511.463

16
1
0
2156.13
16
20.308
995.008
561.052

17
-1
0
2144.24
15
166.206
932.147
563.421

18
1
1
2022.53
33
93.2091
959.003
571.614

19
1
0
1962.46
15
83.1219
999.164
500.401

20
-1
1
1946.79
43
273.502
958.909
515.698

21
-1
0
1418.32
15
352.343
1009.35
530.959

22
-1
2
1318.52
67
23.1879
1021.19
533.258

23
-1
0
1315.63
22
73.7907
997.371
508.941

24
1
0
1174.1
14
160.888
937.008
555.309

25
-1
0
1099.93
13
93.2016
982.128
568.994

26
1
0
1047.24
15
37.1037
987.291
565.026

27
-1
0
781.147
15
76.9482
967.301
580.941

28
-1
1
617.982
31
91.2538
966.581
585.27

29
-1
0
525.414
13
68.8957
974.736
576.119

30
-1
0
461.45
20
181.168
981.9
506.015

31
-1
1
431.065
41
92.0947
964.802
589.749



38

0
1
3
14003.6
133
230.336
968.343
540.503

1
1
2
10693.7
95
20.7692
1013.86
490.001

2
1
1
7483.66
42
331.964
1030.74
495.68

3
-1
0
6995.11
20
100.525
1017.29
499.586

4
1
0
6116.95
22
30.2572
1030.32
504.871

5
1
1
5397.14
34
277.755
951.563
517.092

6
1
0
5332.89
22
157.301
942.786
555.414

7
1
1
5323.88
45
278.274
949.809
520.353

8
-1
0
4480.57
17
335.44
952.829
534.334

9
1
1
4430.17
34
152.754
945.242
554.97

10
1
0
3910.8
12
133.501
997.846
500.444

11
1
1
3473
32
11.8048
1005.75
527.278

12
1
1
3411.65
47
20.8017
1000.5
528.801

13
-1
2
2923.86
83
246.216
961.225
491.437

14
1
1
2424.44
33
181.3
941.128
534.077

15
-1
1
2272.5
41
100.888
1010.37
504.255

16
-1
0
2213.48
16
169.394
935.841
549.571

17
-1
1
2153.95
30
90.5022
1005.44
508.73

18
1
1
1987.51
33
95.9251
963.506
560.485

19
1
0
1855.21
15
87.2281
1009.22
493.458

20
-1
1
1805.55
45
210.131
966.794
503.36

21
1
0
1750.95
23
93.7765
962.416
562.175

22
-1
0
1356.44
21
4.18708
1018.05
525.945

23
1
1
1270.85
33
39.3866
996.666
551.784

24
-1
0
1246.37
16
82.5071
969.004
570.253

25
-1
0
1207.29
23
85.7265
1006.33
501.537

26
-1
0
1170.94
15
359.279
1016.37
524.814

27
-1
2
1125.97
70
29.0903
1027.22
526.673

28
1
0
1052.47
15
45.5686
990.74
556.178

29
-1
0
980.574
21
91.024
967.879
571.858

30
-1
0
975.152
13
75.0493
977.134
566.318

31
-1
1
926.111
29
94.8053
966.907
574.824

32
-1
0
606.794
14
309.366
963.874
510.821

33
1
0
558.584
15
128.359
961.05
537.802

34
-1
0
555.692
19
313.061
966.075
517.884

35
1
0
543.689
21
95.279
980.7
575.23

36
1
0
418.139
14
201.847
944.706
526.617

37
1
0
406.503
16
305.214
992.247
518.192



