9

78

0
1
2
14819.6
63
65.3624
291.439
264.347

1
1
0
14397.4
15
178.103
368.342
313.177

2
1
2
13585.5
62
283.698
291.244
309.266

3
1
0
13552.3
15
180.685
368.331
260.574

4
-1
1
11918.2
40
254.636
367.584
329.431

5
1
2
11514.3
60
111.814
344.267
266.55

6
-1
1
10198.6
40
102.554
367.554
244.47

7
1
0
9647.05
22
191.656
279.426
252.248

8
1
0
9026.99
23
192.671
279.587
296.81

9
-1
2
8344.32
61
181.03
364.541
289.648

10
-1
1
7880.02
33
79.4028
269.71
241.011

11
-1
1
7655.45
33
283.504
269.848
328.872

12
-1
1
7314.95
45
271.446
318.157
327.753

13
1
2
7063.08
59
260.123
343.914
311.303

14
-1
1
7035.17
43
176.042
271.478
285.332

15
1
1
6264.21
32
77.2725
355.596
272.801

16
1
0
5739.76
22
73.3263
307.372
273.204

17
1
2
5695.55
87
16.6512
392.485
337.973

18
1
1
5215.73
42
78.8847
301.651
269.871

19
1
1
5114.59
31
77.3068
305.495
316.549

20
1
1
5036.95
31
113.634
259.218
339.856

21
1
0
4944.93
17
72.5277
358.017
320.555

22
-1
2
4876.34
65
324.101
317.579
288.522

23
-1
0
4871.1
24
185.682
370.318
302.974

24
-1
2
4809.05
62
88.7674
319.453
247.57

25
-1
1
4792.92
28
173.859
369.833
271.364

26
1
1
4604.49
41
81.2553
353.549
315.927

27
1
0
4513.33
23
107.435
329.177
273.886

28
-1
1
4419.2
28
184.84
369.527
301.942

29
1
1
4214.82
30
107.014
330.655
272.349

30
1
0
4038.8
23
108.652
329.184
319.134

31
1
1
3808.98
30
105.9
330.513
317.732

32
1
1
3795.37
41
260.92
275.442
222.521

33
1
1
3484.6
26
198.757
257.974
231.014

34
1
3
3275.21
125
343.873
392.944
244.112

35
1
3
3104.14
172
349.226
382.068
250.932

36
1
1
3055.92
42
89.451
310.313
226.164

37
1
1
3044.65
33
15.9351
402.166
345.72

38
1
1
2927.73
42
270.615
343.509
226.732

39
1
3
2472.97
169
190.478
281.99
248.146

40
1
0
2402.87
19
301.522
392.13
226.96

41
1
3
2364
133
109.732
276.817
329.422

42
1
0
2050.54
21
247
328.529
252.643

43
1
0
1997.39
16
350.262
308.327
251.036

44
1
0
1894.76
17
291.959
358.286
251.993

45
1
1
1649.52
34
275.629
375.148
223.955

46
1
1
1518.34
42
183.364
380.665
312.911

47
1
1
1497.84
31
340.504
403.901
242.389

48
1
1
1434.37
42
177.654
380.704
260.496

49
-1
1
1397.17
31
270.011
293.429
214.694

50
-1
1
1377.55
42
268.946
293.105
210.95

51
-1
0
1322.57
17
234.616
262.394
221.766

52
1
0
1313.84
21
197.584
328.401
296.893

53
1
0
1311.94
21
297.87
357.804
297.893

54
1
1
1307.16
45
97.2798
291.934
344.669

55
1
0
1243.06
21
278.938
295.955
251.791

56
-1
1
1111.28
42
270.075
325.951
211.243

57
-1
1
1046.34
41
271.997
358.769
212.164

58
1
0
1028.67
20
348.583
307.582
297.203

59
1
1
1024.72
29
286.718
300.124
252.776

60
1
0
1003.6
16
347.214
308.421
296.073

61
1
0
926.419
16
180.346
378.344
312.74

62
1
0
906.638
16
0.188256
258.553
294.341

63
1
1
901.119
27
275.168
344.989
297.662

64
1
2
863.967
59
174.581
384.894
264.321

65
1
2
834.695
55
187.635
384.48
309.701

66
1
0
800.675
21
283.041
296.324
296.362

67
1
0
794.486
15
358.27
257.316
321.626

68
1
0
773.951
21
262.228
303.976
220.493

69
1
0
764.117
18
359.622
258.369
282.722

70
1
0
675.409
22
175.642
379.755
262.322

71
1
0
628.575
20
0.30988
258.355
265.286

72
1
0
508.774
12
90.8106
316.719
232.003

73
1
0
475.531
14
182.308
257.134
237.699

74
-1
0
466.018
18
174.217
268.3
314.626

75
-1
3
438.091
167
262.856
335.249
269.734

76
-1
0
422.822
19
103.3
277.214
353.17

77
-1
0
421.803
19
285.581
288.035
303.044



92

0
1
0
15919.4
15
180.557
1050.08
312.355

1
1
0
14621.4
15
177.989
1052.23
260.101

2
1
2
12905.4
61
83.3413
976.905
264.2

3
-1
1
11637.2
35
259.311
1048.68
328.072

4
1
2
11511.3
62
109.098
1029.39
264.848

5
-1
1
11060.7
35
103.593
1051.95
243.556

6
1
2
10361.5
60
267.685
974.525
308.311

7
-1
1
9788.29
36
287.307
950.375
325.167

8
-1
1
9273.45
34
74.7748
953.867
238.963

9
1
1
8830.35
43
81.5907
1035.62
270.693

10
1
0
7889.05
22
76.3911
1039.76
274.486

11
1
2
7802.69
60
254.849
1027.25
310.001

12
1
0
7784.86
23
106.353
960.413
315.506

13
-1
1
7483.14
45
267.68
999.103
326.359

14
-1
1
7201.64
45
179.524
1046.89
286.392

15
1
1
7173.01
44
254.356
1033.79
314.562

16
1
1
6439.46
42
72.4685
1056.72
344.596

17
-1
0
6433.67
24
179.286
1051.66
269.367

18
1
0
6345.71
24
275.992
1040.04
251.839

19
1
0
6173.25
22
78.8992
1037.75
319.072

20
1
1
6146.64
30
280.36
1038.84
252.978

21
1
0
5932.07
22
71.4647
990.174
272.595

22
1
0
5723.63
23
281.454
990.58
249.844

23
-1
2
5692.37
60
91.0026
1005.6
246.317

24
-1
1
5623.69
43
1.48902
955.117
283.63

25
-1
1
5570.93
27
179.108
1051.99
270.282

26
-1
1
5524.58
27
186.484
1051.51
301.406

27
1
0
5433.56
23
108.203
1012.08
272.911

28
1
1
5356.92
43
112.546
940.193
340.717

29
-1
2
5323.26
57
358.963
956.257
286.712

30
1
1
5267.27
29
334.814
1037.71
297.094

31
-1
2
5070.69
47
270.792
998.369
324.398

32
-1
0
5004.74
22
178.957
1051.65
322.332

33
1
1
4674.61
43
270.736
987.086
224.889

34
1
2
4663.2
64
258.018
945.899
221.875

35
1
1
4586.4
42
268.284
1019.99
225.955

36
1
0
4462.14
22
71.4226
988.348
317.226

37
-1
2
4378.56
67
108.032
1002.57
287.913

38
1
1
4374.53
42
264.959
953.314
220.503

39
1
1
4321.6
49
283.69
1054.44
225.22

40
-1
0
4311.18
23
183.494
1048.65
321.289

41
1
0
4280.66
22
281.84
988.884
294.283

42
1
0
4207.67
23
109.819
1010.26
318.05

43
1
2
3989.21
58
285.091
1056.51
224.291

44
1
1
3428.98
30
110.103
1011.66
316.251

45
1
1
3317.44
38
356.009
1059.07
312.994

46
1
0
3210.14
22
304.83
1056.74
221.097

47
1
3
3072.67
129
75.5802
1044.77
332.6

48
1
1
2946.62
38
5.14088
1061.43
260.026

49
1
0
2734.03
17
341.291
1066.11
230.363

50
1
3
2713.49
131
107.536
953.01
330.606

51
1
3
2534.72
174
189.36
961.072
245.289

52
1
0
2391.22
22
254.116
962.459
248.901

53
1
3
2291.03
171
350.483
1041.03
248.094

54
1
0
2138.24
21
286.339
1024.65
220.187

55
1
0
1953.06
22
282.724
991.624
219.184

56
1
1
1562.07
28
257.788
966.677
249.695

57
1
0
1352.67
22
252.003
960.849
293.329

58
1
0
1337.81
15
187.895
958.93
309.12

59
1
0
1042.18
18
2.80988
1063.52
266.172

60
1
0
1033.37
17
252.521
1011.83
249.11

61
-1
1
1005.43
42
269.811
970.589
209.674

62
-1
0
981.814
20
272.921
1036.02
222.443

63
1
0
912.557
17
2.36256
941.453
272.941

64
1
1
895.827
27
258.728
965.789
293.809

65
-1
1
895.4
43
273.202
1036.13
211.846

66
1
0
884.009
15
354.645
1063.99
237.488

67
-1
0
847.187
19
270.182
1003.85
221.538

68
-1
1
818.374
43
271.012
1003.36
210.506

69
-1
0
791.381
20
263.347
970.946
219.813

70
1
1
758.05
32
271.225
1027.99
342.803

71
-1
1
653.488
27
269.575
971.19
215.725

72
1
0
647.113
14
182.908
1062.88
251.828

73
-1
1
624.346
27
266.172
1037.42
218.333

74
1
0
612.418
13
20.9443
942.729
232.883

75
1
0
585.668
14
4.88586
1061.03
332.54

76
1
0
559.24
16
244.105
1024.33
267.144

77
1
0
556.242
16
251.502
1009.99
293.591

78
-1
1
553.272
26
265.337
1004.6
217.666

79
1
0
553.219
13
2.85337
1061.8
330.05

80
1
0
516.879
20
1.77756
938.743
311.104

81
-1
0
482.002
15
244.036
1027.04
305.094

82
1
0
459.432
15
2.10148
1062.01
306.672

83
1
1
454.441
37
275.366
979.913
296.162

84
-1
0
452.059
23
191.531
954.932
256.666

85
1
0
450.329
14
181.065
937.66
325.057

86
-1
1
442.065
27
91.8759
978.207
241.134

87
-1
1
438.091
31
272.788
1028.06
206.416

88
1
0
417.106
14
90.4327
967.984
345.65

89
1
0
415.808
19
1.59392
939.587
285.613

90
1
0
415.317
18
1.84216
938.56
285.733

91
1
0
410.229
15
182.259
940.399
239.48



81

0
1
0
15423.1
15
173.826
1581.06
348.129

1
1
2
15225.7
62
106.875
1561.19
298.465

2
1
0
13740.7
15
181.361
1585.63
294.593

3
1
2
13703.2
62
345.105
1504.08
296.823

4
1
2
12419.6
62
246.595
1557.77
343.61

5
1
2
11451.5
61
1.3165
1499.93
342.706

6
-1
1
9500.48
39
285.403
1475.07
359.875

7
-1
1
9384.93
41
103.145
1584.42
277.549

8
-1
1
8434.52
39
72.3819
1578.16
364.629

9
1
1
7508.24
31
102.557
1487.54
348.48

10
-1
1
7485.62
39
77.8018
1482.16
272.975

11
1
1
7233.85
31
105.122
1491.47
303.169

12
1
0
7204.02
23
111.409
1485.74
349.762

13
-1
2
6191.79
53
182.832
1579.19
322.072

14
-1
2
6072.01
63
91.119
1533.2
280.227

15
-1
2
5807.04
61
359.729
1482.9
319.789

16
-1
1
5636.15
46
271.812
1526.44
361.463

17
1
0
5558.63
23
73.4928
1572.25
308.54

18
1
0
5453.91
22
75.5436
1567.86
354.48

19
1
1
5015.5
31
271.706
1507.92
285.079

20
-1
1
4831.33
28
187.587
1582.9
336.491

21
-1
2
4739.85
69
213.135
1531.35
322.488

22
-1
1
4694.23
28
13.9695
1584.48
305.075

23
1
0
4488.83
21
290.882
1574.17
287.07

24
1
0
4371.83
21
193.472
1541.76
306.873

25
-1
2
4362.7
49
270.688
1526.55
359.458

26
1
0
3990
23
344.997
1570.52
333.262

27
1
0
3851.88
21
195.765
1537.89
352.945

28
1
1
3715.64
29
273.798
1504.04
329.905

29
1
1
3684.51
46
109.066
1460
373.236

30
1
0
3682.23
22
69.5986
1519.34
306.264

31
1
1
3491.34
43
272.221
1514.66
257.886

32
1
1
3463.33
44
269.635
1549.3
259.41

33
1
2
3373.77
61
123.045
1457.2
373.081

34
-1
0
3355.79
23
187.133
1579.12
357.15

35
1
0
3046.45
22
73.3835
1515.73
351.663

36
1
1
2981.07
42
260.81
1478.85
253.642

37
1
1
2975.84
30
196.88
1543.59
305.482

38
1
1
2925.33
37
286.478
1586.91
257.004

39
1
1
2906.18
40
285.909
1584.1
257.463

40
1
1
2898.84
33
271.112
1483.24
254.347

41
1
0
2823.97
21
298.709
1590.07
255.586

42
1
2
2753.29
71
253.161
1469
254.347

43
1
2
2709.3
83
161.415
1454.34
367.6

44
1
2
2414.51
61
290.61
1592.59
257.914

45
1
3
2214.39
183
195.667
1481.29
280.834

46
1
3
2184.9
140
286.799
1578.24
277.049

47
1
1
2062.76
40
2.55109
1595.17
295.493

48
1
1
2047.94
40
356.064
1590.4
348.906

49
1
3
1938.93
163
172.315
1471.71
355.517

50
1
1
1879.04
39
68.3009
1588.55
380.749

51
-1
0
1645.37
15
315.54
1598.43
257.517

52
1
0
1574.48
21
281.958
1520.12
252.375

53
1
1
1347.45
27
80.5292
1576.24
382.859

54
1
0
1330.22
22
201.096
1490.92
283.195

55
1
3
1282.65
138
65.7427
1567.73
364.306

56
1
0
1111.58
13
192.078
1591.32
366.656

57
1
0
940.02
21
204.955
1486.86
328.162

58
1
0
755.269
16
189.771
1542.3
285.21

59
-1
0
728.768
20
264.826
1530.71
253.762

60
1
0
703.818
14
355.68
1523.34
283.239

61
1
0
641.419
12
184.536
1591.9
341.771

62
-1
1
632.153
29
271.801
1550.2
240.74

63
-1
1
611.206
29
270.009
1482.04
238.065

64
1
0
603.696
14
272.913
1545.59
374.33

65
-1
0
575.388
22
272.397
1549.69
243.389

66
-1
0
573.721
19
265.362
1496.13
252.483

67
-1
1
562.818
27
266.889
1531.79
250.122

68
-1
1
521.502
27
269.595
1497.5
248.533

69
-1
1
513.592
28
272.43
1516.59
239.698

70
1
0
510.431
14
184.111
1594.28
318.736

71
-1
0
503.399
22
268.005
1482.18
240.643

72
1
0
497.322
15
183.836
1595.66
318.543

73
-1
0
492.57
21
216.148
1493.13
335.561

74
1
0
480.018
15
1.19586
1599.33
275.238

75
-1
0
465.44
21
210.131
1496.79
291.246

76
-1
1
455.664
27
273.406
1566.49
251.748

77
-1
0
449.753
21
211.588
1545.19
339.596

78
-1
0
427.253
21
200.498
1549.03
294.425

79
1
0
409.902
15
91.9221
1558.07
263.258

80
1
0
400.008
15
193.195
1538.67
329.901



76

0
1
2
17880.7
62
297.963
268.579
688.079

1
1
0
17312.6
15
180.65
344.854
693.579

2
1
0
16705.1
15
182.95
346.355
641.85

3
1
1
15290.2
45
83.4607
261.49
643.434

4
1
2
15036.6
61
87.2273
268.541
643.434

5
-1
1
11715.4
35
77.1623
343.919
709.061

6
-1
1
11500
39
103.201
345.754
626.342

7
1
0
11257.3
23
169.183
256.705
696.425

8
1
2
10816.6
58
94.0041
321.458
645.91

9
1
2
10780.6
59
247.005
320.508
691.277

10
-1
1
10068.8
32
80.7935
248.521
620.839

11
1
0
9979.22
21
167.431
257.408
652.817

12
-1
1
9956.49
32
344.569
245.961
706.415

13
1
0
9785.42
21
198.585
258.048
631.448

14
1
0
9509.07
20
195.915
256.735
675.106

15
1
1
9312.34
29
164.277
235.799
716.408

16
-1
2
9303.63
62
181.492
340.753
668.794

17
-1
1
7298.79
43
270.997
294.563
705.507

18
-1
1
7282.98
42
186.301
248.84
664.017

19
1
1
6678.36
43
288.201
329.709
694.052

20
1
1
6420.43
43
289.034
279.486
691.301

21
-1
2
6125.63
61
91.5243
297.462
627.941

22
-1
0
5684.71
23
185.851
346.741
683.689

23
1
0
5627.95
22
75.098
283.689
697.641

24
1
2
5328.37
95
343.904
369.549
611.184

25
-1
1
5041.83
27
179.251
346.804
652.589

26
1
2
4941.68
96
15.6738
368.03
706.95

27
1
0
4754.61
22
76.7631
333.089
700.075

28
-1
1
4682.68
27
186.387
346.4
682.558

29
1
1
4645.14
42
73.887
281.475
643.933

30
-1
2
4609.82
69
294.722
295.866
668.313

31
1
0
4579.58
23
172.49
305.631
698.862

32
1
1
4484.58
27
199.895
237.852
609.231

33
1
1
4045.18
46
264.83
271.068
602.434

34
1
1
3876.65
44
91.6682
303.919
603.373

35
1
1
3798.01
42
273.62
336.555
604.25

36
1
2
3315.47
68
256.387
258.482
597.533

37
1
2
2836.64
88
252.574
250.147
601.537

38
1
1
2825.09
34
290.008
368.827
601.478

39
1
3
2779.35
169
259.473
259.324
621.785

40
1
0
2700.16
23
295.563
371.734
600.677

41
1
1
2489.78
33
18.1158
377.933
714.526

42
1
0
2336.89
17
250.294
249.551
597.547

43
-1
0
1788.98
17
221.817
242.117
599.886

44
1
0
1758.82
21
336.669
383.783
609.44

45
1
1
1721.65
42
178.237
358.529
642.63

46
1
1
1627.66
31
81.0179
356.91
721.185

47
1
1
1554.17
42
181.492
356.885
694.075

48
1
0
1482.25
15
185.561
237.836
613.885

49
1
0
1208.25
16
353.091
285.343
685.95

50
-1
0
1167.16
14
280.988
266.075
634.38

51
1
0
1024.46
15
196.863
305.318
631.702

52
-1
0
949.15
14
285.514
264.95
677.918

53
1
0
919.306
20
346.714
334.506
687.889

54
1
0
915.093
15
182.197
235.967
642.049

55
-1
1
839.107
27
84.4928
268.487
660.796

56
1
0
816.323
15
288.174
336.943
633.089

57
1
0
777.441
14
70.774
286.709
655.463

58
1
0
764.041
14
197.483
303.86
675.747

59
1
0
747.464
17
180.067
354.844
695.389

60
1
0
739.172
15
333.135
286.939
630.359

61
1
2
738.625
94
186.014
247.301
641.513

62
-1
1
712.652
29
271.018
337.996
585.497

63
-1
1
695.936
29
270.281
272.943
582.937

64
1
0
687.575
14
85.919
336.499
657.721

65
1
0
684.362
15
114.029
304.995
656.416

66
1
0
552.539
14
178.725
233.854
709.728

67
1
0
549.467
14
180.441
232.989
706.627

68
-1
1
537.57
29
271.395
305.01
583.691

69
1
0
512.683
16
1.54303
235.288
683.342

70
-1
0
434.097
16
2.05797
242.144
637.518

71
-1
1
420.529
39
271.115
305.695
579.885

72
1
0
408.046
22
272.078
323.754
632.844

73
1
0
404.941
20
181.222
235.054
627.233

74
-1
0
401.156
16
181.473
229.549
688.409

75
-1
1
400.209
29
270.035
288.304
590.704



101

0
1
0
16569.3
15
1.31252
1028.69
616.212

1
1
2
15946.3
60
269.798
952.774
664.728

2
1
0
15716.7
15
181.996
1027.51
667.834

3
-1
1
13701.1
33
105.196
1028.35
600.463

4
1
2
13561.7
58
107.725
1006.49
620.936

5
1
2
13099.8
60
237.614
1005.49
665.169

6
1
2
12713.5
60
87.8955
954.688
619.536

7
-1
1
12409.2
33
74.3992
1026.56
683.395

8
-1
1
10865.9
33
285.418
928.776
682.132

9
1
0
10739.4
22
270.471
1016.73
608.696

10
-1
1
9417.55
36
77.4828
931.247
597.913

11
1
0
9140.86
23
22.0658
1016.59
630.63

12
1
0
9025.9
22
261.574
1015.91
652.559

13
1
0
8842.2
22
347.985
967.623
607.611

14
1
1
7871.78
31
109.747
917.329
692.499

15
1
0
7759.7
21
14.6592
967.359
629.8

16
-1
1
7737.3
44
342.457
1024.93
642.238

17
1
0
7450.19
22
76.319
1015.84
674.79

18
-1
0
7326.35
23
176.823
1028.54
625.801

19
-1
2
7181.53
59
94.1456
982.127
603.051

20
1
1
7094.52
32
72.3335
1036.68
695.703

21
1
0
6951.66
23
169.43
938.924
672.461

22
-1
1
6917.46
43
268.349
977.246
681.407

23
-1
2
6817.33
58
357.84
935.096
641.743

24
1
0
6696.83
22
345.208
966.648
651.224

25
-1
0
6696.41
24
184.005
1028.51
658.155

26
-1
1
5987.86
26
175.334
1028.85
626.726

27
-1
1
5678.26
27
187.673
1028.44
657.064

28
-1
2
5615.02
68
231.305
982.809
643.576

29
1
0
5370.67
21
70.1869
966.74
673.557

30
1
0
5035.37
16
108.596
915.294
694.598

31
1
2
4862.12
59
289.125
1030.99
579.841

32
1
2
4756.25
73
260.764
925.435
576.838

33
1
0
4428.56
21
110.881
987.894
674.152

34
1
0
3923.07
15
188.034
937.259
660.181

35
1
1
3884.7
37
355.198
1036.62
667.757

36
1
0
3632.72
22
182.936
988.623
622.208

37
1
1
3505.53
36
5.06699
1036.84
616.44

38
1
1
3342.32
29
125.66
990.169
622.08

39
1
1
2910.9
29
108.913
989.267
671.795

40
1
1
2859.53
46
90.2291
964.766
581.72

41
1
0
2798.89
18
322.513
1034.83
575.367

42
1
3
2654.72
137
110.659
931.815
677.648

43
1
3
2625.48
136
76.1049
1022.36
681.217

44
1
1
2510.03
45
91.9796
996.313
582.08

45
-1
0
2398.98
15
259.477
1006.33
611.839

46
1
0
2063.61
22
275.716
938.136
575.012

47
1
0
2061.8
22
279.326
970.259
575.466

48
-1
0
1752.45
16
255.56
1005.56
654.893

49
1
0
1741.01
18
346.544
1041.9
586.511

50
1
0
1697.24
22
246.828
925.938
573.68

51
1
0
1520.2
16
189.401
986.887
661.692

52
1
0
1452.18
18
0.681999
1039.56
619.049

53
1
0
1417.66
22
277.075
1002.55
575.445

54
1
0
1344.84
21
265.74
1022.42
576.019

55
1
0
1323.63
15
193.744
916.481
584.692

56
1
0
1258.55
19
268.228
989.279
576.779

57
1
0
1227.42
15
359.062
1041
597.54

58
-1
0
1204.72
15
272.272
957.021
653.426

59
1
2
1175.26
93
0.607289
1027.41
620.229

60
1
0
1166.68
21
180.498
1039.55
639.238

61
1
0
1132.16
20
262.001
956.771
574.914

62
-1
1
1077.84
36
103.711
1001.55
641.074

63
1
0
1059.7
15
2.195
1038.39
688.755

64
1
0
1019
15
271.38
983.435
695.235

65
-1
1
1011.63
29
100.808
1003.99
640.768

66
1
0
1000.22
17
2.58316
1038.88
671.681

67
-1
1
993.997
32
272.056
1004.15
559.776

68
-1
1
986.703
32
271.739
971.772
558.89

69
1
0
983.343
14
1.28303
1038.95
687.439

70
1
0
977.672
15
88.0209
1028.83
697.392

71
-1
1
959.671
27
93.8977
955.378
635.578

72
1
0
904.395
16
89.3438
1027.06
697.947

73
1
0
902.695
16
253.106
938.346
605.495

74
-1
1
887.748
32
268.355
939.893
558.605

75
1
0
870.856
15
271.966
975.616
695.126

76
1
0
870.168
15
255.513
937.68
648.898

77
1
0
840.281
13
270.754
958.719
693.236

78
1
0
771.862
16
0.875595
919.841
619.438

79
-1
1
771.123
28
91.2751
955.349
599.309

80
1
0
722.087
21
1.15725
918.32
640.766

81
-1
0
718.205
20
165.992
906.989
686.651

82
1
1
714.134
28
173.831
912.193
675.101

83
1
0
702.599
14
92.7411
926.441
694.867

84
1
0
692.23
23
92.0398
940.128
695.491

85
1
0
688.118
16
251.975
988.27
606.655

86
1
0
660.65
16
1.85033
918.022
653.576

87
1
0
618.12
22
0.625365
918.362
621.782

88
1
0
571.748
17
0.935594
919.028
636.303

89
1
1
567.592
25
91.2919
955.914
583.609

90
-1
0
552.043
16
209.928
918.126
576.836

91
1
0
536.087
17
270.951
994.147
694.205

92
-1
1
527.055
28
266.683
955.063
645.865

93
1
0
520.157
16
92.5192
936.735
695.654

94
1
0
503.746
21
270.738
995.756
695.652

95
-1
0
499.112
14
253.248
992.747
611.913

96
1
1
483.293
37
173.138
910.142
671.197

97
1
0
481.623
20
270.734
994.059
695.657

98
1
0
472.973
15
1.57178
919.471
661.388

99
1
0
426.185
13
23.1176
920.367
590.624

100
1
1
423.88
41
177.363
914.189
666.078



83

0
1
2
20838.8
62
107.384
1569.68
642.496

1
1
2
19105.3
64
116.809
1568.93
688.451

2
1
2
18936.6
62
12.6992
1511.23
689.477

3
1
0
17833.8
15
2.59708
1592.72
691.12

4
1
2
17341.7
60
108.596
1511.98
643.454

5
1
0
17262.3
15
0.0924087
1591.85
638.422

6
-1
1
10174.8
36
101.781
1590.67
621.892

7
1
0
9685.26
23
17.7863
1580.08
653.086

8
1
1
9177.36
32
22.6391
1578.04
651.643

9
-1
1
8819.46
48
175.545
1588.12
664.856

10
-1
2
8646.27
62
358.286
1492.41
666.33

11
-1
2
8316.63
62
91.6465
1539.15
626.086

12
-1
2
8274.95
53
79.2725
1489.12
624.244

13
-1
1
8263.86
34
349.69
1487.48
708.348

14
-1
1
8168.47
35
73.1137
1591.91
708.024

15
1
0
8006.93
22
286.279
1579.63
631.387

16
-1
2
7969.48
51
22.0704
1588.64
664.581

17
1
0
7814.6
22
74.9229
1580.82
698.311

18
1
0
7727.38
23
339.896
1580.77
676.835

19
1
1
7441.15
42
105.838
1501.07
643.204

20
-1
0
6985.85
23
349.684
1591.97
681.117

21
-1
2
6972.36
71
221.512
1541.72
667.001

22
-1
0
6848.39
24
11.9404
1591.66
648.347

23
-1
1
6105.16
45
95.9558
1539.2
706.378

24
1
0
5894.89
23
257.435
1568.16
631.027

25
-1
1
5850.71
27
14.169
1592.29
649.267

26
1
0
5806.94
21
258.875
1515.44
631.224

27
1
0
5512.49
22
109.76
1550.25
698.133

28
-1
1
5416.37
26
345.313
1592.24
680.327

29
1
0
5414.48
23
6.27552
1528.03
698.313

30
1
0
5317.99
21
267.293
1516.06
675.833

31
1
0
4985.72
22
94.4501
1516.25
654.823

32
1
0
4896.66
22
260.159
1568.21
675.955

33
1
0
4798.68
17
315.45
1593.68
597.961

34
1
0
4582.33
21
99.9999
1568.17
654.194

35
1
2
4537.33
86
193.549
1467.41
604.693

36
-1
0
3820.22
22
58.8556
1590.79
700.018

37
1
2
3768.81
61
282.691
1578.6
596.448

38
1
0
3239.09
22
184.199
1548.78
643.511

39
-1
0
3147.34
16
336.182
1600.79
599.666

40
1
1
2885.94
28
108.598
1474.44
718.319

41
1
0
2760.58
23
271.176
1575.63
598.03

42
1
2
2648.55
80
157.206
1465.39
707.989

43
1
0
2628.46
17
3.00333
1603.53
691.416

44
1
0
2460.03
23
271.521
1541.11
598.813

45
1
1
2340.57
31
71.8938
1600.79
721.138

46
1
1
2320.82
32
88.8205
1541.64
601.273

47
1
0
2309.55
21
359.144
1528.4
644.012

48
1
0
2300.92
23
271.864
1506.37
599.171

49
1
1
2242.4
34
89.2217
1507.28
602.369

50
1
3
2117.91
158
158.43
1482.46
699.455

51
1
1
1969.57
35
2.84732
1601.41
636.947

52
1
3
1859.25
170
287.818
1579.27
620.898

53
1
1
1665.57
35
261.178
1473.93
601.332

54
1
0
1558.4
19
265.58
1558.77
599.597

55
-1
1
1346.43
44
116.313
1556.27
664.933

56
1
1
1344.74
27
341.028
1603.6
610.422

57
1
0
1231.29
22
191.771
1549.93
687.643

58
1
0
1183.07
20
270.797
1489.6
600.472

59
1
0
1170.64
20
270.193
1519.57
720.212

60
1
0
1140.53
16
349.843
1529.9
685.104

61
1
0
1094.29
20
269.531
1524.33
599.475

62
1
0
1036.88
16
154.387
1461.99
711.991

63
1
0
1007.78
20
177.735
1602.79
674.336

64
-1
0
905.531
20
94.3129
1480.44
726.445

65
-1
1
888.494
41
269.385
1518.91
581.041

66
1
0
860.099
16
178.663
1602.6
676.989

67
1
0
840.44
20
259.729
1463.61
582.956

68
-1
0
840.255
14
247.843
1507.86
678.201

69
-1
0
825.504
14
245.767
1507.47
634.349

70
1
0
800.673
15
87.1958
1592.66
721.97

71
-1
0
713.938
14
108.25
1507.84
652.621

72
1
1
654.475
26
179.51
1603.94
671.663

73
1
0
640.055
14
94.4335
1488.58
721.306

74
1
0
614.884
15
268.498
1563.28
719.963

75
-1
0
538.306
20
0.200494
1610.14
683.137

76
-1
1
507.565
28
92.4987
1507.37
712.941

77
1
1
506.289
25
88.0401
1559.14
605.076

78
1
1
503.569
37
177.185
1605.84
664.532

79
1
0
473.657
15
270.093
1550.79
719.536

80
1
0
432.627
13
347.832
1476.26
711.534

81
1
0
427.166
21
90.7775
1491.81
722.389

82
-1
1
414.302
28
98.1909
1480.59
729.974



82

0
1
2
21792
63
296.83
197.726
963.945

1
1
0
15942.9
14
186.524
275.953
919.77

2
1
1
15933
44
80.5255
191.282
916.838

3
1
2
15630
61
267.733
249.263
967.646

4
1
0
14668.4
14
176.331
273.677
971.151

5
1
2
13945.4
60
88.6907
197.476
919.511

6
-1
1
11893
41
105.353
275.084
904.152

7
1
0
11724.3
22
167.376
187.484
929.503

8
-1
1
11076.7
35
75.7321
272.893
986.591

9
1
0
10164.1
22
6.52784
212.586
973.992

10
1
0
9729.43
23
196.309
186.537
953.014

11
1
0
9584.38
22
79.5465
261.79
976.798

12
1
2
9457.35
59
94.498
250.861
921.666

13
1
0
9329.03
23
192.514
188.338
909.497

14
-1
1
9247.9
31
345.839
175.025
982.481

15
-1
1
9210.85
32
77.8943
178.645
897.54

16
1
0
9207.45
23
108.449
234.977
975.25

17
-1
2
8951.31
62
182.274
269.92
944.28

18
1
1
8858.37
28
166.984
164.685
991.926

19
1
1
8645.16
30
108.263
236.583
974.152

20
1
1
8623.18
32
191.512
188.093
955.768

21
-1
1
7851.58
42
85.6487
223.402
983.186

22
-1
1
6926.44
43
186.491
177.458
940.7

23
1
1
6111.68
43
276.838
259.578
919.341

24
1
3
6038.32
108
285.706
297.347
882.86

25
-1
2
5978.57
59
91.9787
227.476
903.781

26
-1
0
5624.04
23
186.935
275.654
961.594

27
1
2
5540.8
65
257.013
199.536
874.415

28
-1
0
5359.62
23
181.113
275.52
981.293

29
-1
0
5170.96
23
176.808
277.727
929.503

30
-1
2
5112.96
67
291.477
224.605
944.684

31
-1
1
4797.11
29
177.357
275.836
930.879

32
1
1
4771.37
41
75.4802
210.435
916.853

33
-1
1
4378.18
27
185.948
275.605
960.155

34
1
1
4362.19
31
290.245
213.967
915.91

35
1
1
3779.55
30
254.288
237.364
917.209

36
1
1
3441.84
25
196.61
168.288
885.601

37
1
3
3434.58
138
114.496
182.55
977.465

38
1
0
2776.45
22
292.456
264.646
918.659

39
1
2
2701.46
56
271.784
234.573
876.939

40
1
1
2622.97
29
76.7229
285.044
998.703

41
1
0
2540.5
21
336.424
263.457
960.249

42
1
0
2461.01
15
349.841
215.052
956.081

43
1
0
2222.54
21
337.648
315.057
878.505

44
-1
0
2179.74
16
80.3754
196.491
925.968

45
-1
0
2094.33
15
16.4867
271.222
927.07

46
1
1
1818.58
41
177.942
288.083
920.707

47
1
0
1735.54
22
359.798
164.764
956.256

48
1
1
1693.87
29
337.57
313.874
879.743

49
1
1
1667.54
33
21.7768
308.295
983.272

50
1
0
1611.01
22
236.763
181.366
871.254

51
1
0
1529.99
23
23.7009
309.847
984.318

52
1
0
1526.82
20
108.655
235.489
932.947

53
1
0
1475.03
16
190.86
233.508
956.505

54
1
1
1472.21
41
183.908
285.983
971.719

55
1
0
1295.62
14
185.881
167.897
891.257

56
1
0
1063.12
16
74.5404
215.679
932.591

57
1
0
1047.05
17
5.21052
166.396
917.854

58
1
0
1020.62
21
266.597
292.796
868.944

59
-1
0
856.211
21
268.179
219.389
862.694

60
-1
0
817.566
21
271.984
251.327
864.017

61
1
0
782.366
14
179.798
162.828
985.066

62
-1
0
780.891
16
245.562
188.121
863.459

63
-1
0
762.581
21
222.307
172.337
874.359

64
-1
1
742.803
28
268.784
204.747
851.84

65
-1
0
734.108
23
269.39
205.462
853.786

66
1
0
668.951
16
73.2288
265.171
935.193

67
1
0
636.939
16
272.252
230.663
996.913

68
-1
0
626.429
21
272.099
283.53
865.62

69
-1
1
606.221
29
274.275
269.401
854.571

70
1
2
597.785
91
183.02
178.877
917.576

71
-1
0
590.849
20
278.992
197.467
947.489

72
-1
1
546.38
29
272.136
236.81
852.342

73
-1
0
524.872
23
272.095
237.247
854.283

74
-1
1
483.352
21
3.54971
174.227
926.221

75
1
0
482.423
15
272.4
198.857
995.47

76
-1
1
477.304
26
83.9941
198.418
939.497

77
1
0
451.157
17
272.619
243.127
997.282

78
1
0
444.738
13
92.2297
272.755
1000.71

79
-1
1
436.43
47
270.648
218.708
855.521

80
-1
0
406.96
15
358.021
219.359
965.337

81
-1
0
404.013
22
0.0309061
172.649
970.344



125

0
1
2
20724.6
62
260.709
915.117
938.644

1
1
2
18429.1
62
263.204
966.536
940.98

2
1
0
16260.8
15
181.319
990.059
944.557

3
1
0
15629.5
15
177.926
992.348
893.265

4
-1
1
14190
32
73.8288
988.598
960.443

5
1
2
13182.5
60
96.2385
970.719
895.986

6
1
2
12779.3
60
89.3803
918.601
892.667

7
-1
1
12444.4
34
104.854
992.216
877.161

8
1
0
11734.4
22
171.667
901.466
946.901

9
1
0
11706
22
78.2017
928.879
948.541

10
1
0
11298.6
22
80.1085
977.863
951.094

11
-1
0
11281
14
349.066
994.395
853.268

12
1
0
10950.8
23
88.8368
979.857
907.19

13
-1
1
10944.7
32
345.789
891.041
956.306

14
1
0
10427.4
22
266.874
980.823
885.311

15
1
0
9747.75
22
108.545
950.764
949.591

16
1
0
9743.11
22
15.1043
930.507
905.128

17
1
1
9657.05
32
257.781
905.629
889.976

18
-1
1
9608.69
35
15.5237
895.518
871.732

19
-1
0
9270.43
13
200.669
929.243
850.109

20
1
0
9064.15
22
346.15
979.058
929.084

21
1
1
8997.7
31
75.632
998.719
972.132

22
1
1
8969.78
31
161.26
879.764
965.875

23
1
0
8726.21
21
271.777
931.904
882.699

24
-1
2
8658.69
58
93.5224
945.326
877.702

25
-1
1
8299.14
41
95.7741
939.663
957.321

26
-1
0
8182.4
15
184.584
961.728
851.386

27
-1
1
7622.16
44
348.667
987.813
918.639

28
1
2
7472.44
69
287.637
992.863
851.502

29
-1
0
7298.19
23
10.4946
991.693
902.631

30
1
0
7186.93
21
277.815
929.883
926.417

31
-1
2
7167.75
59
4.28991
899.004
912.795

32
-1
0
6690.32
23
186.561
991.581
935.089

33
-1
2
5944.15
69
243.436
946.822
915.437

34
-1
0
5890.61
22
175.512
994.664
883.502

35
1
2
5810.04
81
258.506
892.578
847.674

36
-1
1
5237.72
26
186.089
991.514
933.764

37
1
0
4899.25
23
192.149
901.864
931.42

38
1
0
4821.56
16
166.688
877.375
967.665

39
-1
0
4556.01
21
62.8064
987.9
953.127

40
1
1
4454.41
30
248.68
954.737
892.321

41
1
0
3899.29
24
300.553
996.345
843.514

42
1
3
3420.52
137
79.739
984.038
955.352

43
-1
0
3374.73
16
105.624
969.712
903.574

44
1
0
3341.88
23
269.601
896.459
839.349

45
1
1
3093.21
35
356.535
999.096
945.506

46
1
3
2817.31
142
106.467
896.221
950.218

47
1
0
2736.79
22
274.466
960.539
841.932

48
1
0
2512.66
15
356.439
1004.45
871.689

49
1
0
2384.83
21
272.575
928.314
840.788

50
1
1
2284.55
36
6.85245
1000.18
893.35

51
-1
0
2255.12
15
94.5285
921.487
901.545

52
-1
0
1785.01
20
170.999
870.736
954.505

53
-1
0
1742.53
23
279.333
971.087
831.031

54
-1
1
1673.37
32
273.353
970.935
828.57

55
1
0
1671.96
24
347.636
1003.89
851.92

56
-1
1
1577.06
28
268.176
919.567
875.888

57
-1
0
1563.81
23
278.401
939.208
829.648

58
-1
1
1517.99
33
274.054
938.841
826.983

59
1
0
1462.85
13
0.040103
1000.09
857.859

60
-1
0
1426.54
23
279.064
906.686
827.99

61
1
0
1380.78
15
2.36588
1004.03
882.253

62
1
1
1372.88
31
91.9287
936.419
858.151

63
-1
1
1350.69
38
256.812
964.291
917.919

64
-1
1
1311.82
27
259.066
968.182
878.298

65
-1
1
1311.71
32
271.118
906.832
825.583

66
1
0
1297.3
15
272.516
971.767
971.004

67
1
1
1270.66
42
175.88
876.283
939.443

68
1
0
1222.81
14
99.5682
884.853
966.987

69
1
0
1218.35
16
182.844
1001.91
905.906

70
1
2
1210.44
60
270.117
931.928
852.312

71
1
1
1202.77
29
87.4676
904.549
855.822

72
1
1
1187.64
29
355.557
1000.22
861.348

73
1
0
1171.65
19
2.52572
1004.87
884.311

74
1
1
1148.91
31
174.455
875.312
943.897

75
-1
1
1138.98
27
271.107
917.843
919.722

76
-1
1
1127.63
43
270.702
938.518
823.295

77
1
0
1126.82
16
106.638
901.827
905.443

78
1
1
1082.6
30
92.4036
968.91
859.828

79
1
0
1081.31
20
203.162
889.063
851.105

80
1
1
1060.33
29
92.9606
954.498
860.16

81
1
0
1054.18
15
91.1956
989.562
974.092

82
1
2
1023.07
57
273.721
959.116
848.39

83
1
0
977.265
22
297.677
905.274
848.906

84
1
0
949.076
19
91.0053
987.314
974.84

85
1
2
938.381
59
271.418
927.066
843.293

86
1
1
913.6
28
198.683
888.183
854.03

87
1
0
912.226
20
102.729
986.208
854.263

88
1
0
853.978
14
179.419
879.017
959.119

89
1
0
843.195
22
292.412
970.262
852.002

90
1
0
831.846
11
0.26402
1001.09
959.659

91
-1
1
827.431
39
114.107
964.573
913.298

92
1
0
827.061
22
295.394
938.082
849.686

93
-1
1
809.147
27
265.832
968.426
917.194

94
-1
1
787.429
24
357.385
938.384
938.294

95
1
0
760.043
15
182.721
1001.76
929.563

96
1
0
753.949
16
272.451
900.683
968.439

97
1
0
693.171
16
272.605
945.734
970.076

98
1
0
689.783
17
257.21
981.724
831.29

99
1
0
687.564
20
2.14064
880.41
929.694

100
1
0
674.729
16
108.261
951.506
908.03

101
1
0
674.412
21
89.207
953.522
852.072

102
1
2
658.053
85
271.574
945.528
848.507

103
-1
1
642.59
37
100.838
916.245
910.035

104
1
2
637.933
94
71.3157
990.178
898.844

105
-1
0
621.856
14
352.629
925.976
940.615

106
-1
0
617.127
15
3.83158
1009.15
890.281

107
1
0
616.055
21
271.957
945.012
971.588

108
1
0
607.487
13
196.888
968.509
855.275

109
1
0
585.464
22
254.21
920.568
850.086

110
-1
0
572.392
21
262.439
967.159
925.417

111
1
1
546.78
30
92.0548
961.725
863.098

112
1
2
529.717
56
175.122
874.944
931.52

113
1
1
526.846
41
90.8112
910.467
856.588

114
1
0
521.707
20
212.515
874.768
836.131

115
1
1
515.804
28
93.4869
921.567
857.464

116
1
0
515.146
17
181.862
1001.82
919.011

117
1
0
503.915
20
182.379
1002.68
917.413

118
1
1
503.653
28
90.3949
920.826
854.549

119
1
0
498.681
19
256.126
950.779
830.19

120
1
0
483.284
14
3.12533
1002.25
948.768

121
-1
0
469.701
20
2.71303
891.938
900.83

122
1
0
465.857
15
7.8967
882.564
873.677

123
1
0
435.96
14
325.191
922.707
854.479

124
1
0
405.844
15
2.61672
1001.94
946.427



122

0
1
2
52125.8
66
64.123
1519.32
949.332

1
1
2
45467.4
64
117.821
1574.53
953.035

2
1
2
41539.8
62
106.889
1521.85
902.539

3
1
2
36974.8
63
114.166
1577.61
906.203

4
-1
2
24401.2
65
118.132
1548.96
927.788

5
-1
1
20488.6
45
266.37
1545.71
968.898

6
1
0
19203.5
22
84.3291
1587
963.847

7
-1
2
18907
66
11.901
1498.49
921.885

8
1
0
18838.7
23
11.8646
1534.44
959.883

9
1
0
18365.8
23
170.416
1557.88
961.971

10
1
1
17489.8
31
78.1129
1532.74
958.205

11
1
1
17008.2
31
180.022
1559.51
960.291

12
1
0
15775.6
23
84.4482
1588.71
918.43

13
-1
2
14588.8
59
339.387
1598.67
930.528

14
1
1
14445.8
32
80.8655
1587.45
916.408

15
-1
1
13468.9
29
344.967
1602.36
943.706

16
-1
2
12907
66
6.16187
1490.43
972.525

17
-1
2
12716.2
65
97.9463
1550
886.054

18
1
1
12296.9
30
97.9718
1524.64
913.84

19
1
0
11538.2
23
288.445
1589.36
896.452

20
-1
1
10539.1
31
69.1978
1600.68
971.349

21
-1
0
10252.3
22
112.164
1603.26
884.812

22
-1
1
9691.14
37
106.821
1600.05
886.068

23
-1
1
9503.22
29
23.1717
1602.14
916.828

24
-1
2
9120.27
60
82.6523
1500.38
877.154

25
-1
1
9112.76
33
256.9
1486.5
978.565

26
1
0
8975.84
24
103.837
1575.91
918.096

27
-1
0
7641.37
17
2.44599
1478.56
968.25

28
1
0
6249.4
24
265.428
1576.14
895.614

29
1
1
6042.77
33
3.81695
1468.74
957.212

30
1
2
5901.73
58
286.679
1590.17
857.757

31
1
0
5789.44
15
2.00141
1601.01
905.793

32
-1
0
5725.03
15
299.551
1480.13
979.284

33
1
0
5309.92
23
6.4867
1537.69
901.646

34
1
0
5070.83
20
110.369
1505.52
914.247

35
-1
0
5040.83
14
17.264
1595.56
965.33

36
1
0
4899.76
20
8.15127
1486.69
964.049

37
1
2
4861.52
72
260.818
1479.04
852.276

38
-1
1
4757.15
40
7.15303
1485.14
944.347

39
-1
0
4587.76
22
187.91
1493.66
948.581

40
1
0
4566.31
22
143.603
1558.99
917.45

41
1
1
4307.19
44
91.1696
1521.45
858.062

42
1
1
4237.43
42
96.9505
1554.89
859.86

43
-1
0
4198.44
22
174.507
1494.49
901.248

44
1
0
4149.24
14
72.6597
1538.81
917.218

45
-1
0
3686
20
85.6714
1590.93
929.789

46
-1
1
3667.65
27
189.683
1491.94
946.718

47
-1
0
3382.2
21
88.2316
1486.31
868.292

48
-1
0
3349.14
18
96.0734
1592.38
883.686

49
-1
0
3323.12
23
94.9912
1564.19
882.27

50
-1
1
3296.73
29
258.587
1567.69
883.148

51
-1
1
3186.66
27
95.2488
1571.47
973.822

52
1
0
3029.84
16
1.25792
1599.2
930.79

53
-1
0
2942.78
15
176.4
1604.8
923.943

54
1
1
2872.6
27
201.555
1610.61
984.82

55
1
0
2757.77
20
268.681
1534.88
983.04

56
1
1
2522.06
29
272.11
1550.07
983.034

57
1
1
2517.9
42
190.273
1613.03
957.389

58
-1
0
2497.58
14
184.793
1605.68
894.983

59
-1
0
2451.74
15
341.315
1598.28
895.723

60
1
0
2292.82
20
92.1827
1535.42
862.254

61
1
0
2223.05
15
172.799
1611.73
908.458

62
-1
0
2184.02
15
109.671
1515.64
910.521

63
-1
0
2178.72
21
177.351
1602.72
894.542

64
1
1
2159
41
260.249
1510.59
985.165

65
1
0
2146.47
16
330.72
1605.72
861.505

66
1
1
2099.39
40
12.8057
1614.21
904.822

67
1
0
2096.98
20
269.305
1591.89
986.239

68
-1
3
2045.08
183
109.091
1523.02
909.387

69
-1
0
1964.24
13
94.1494
1561.78
971.799

70
1
0
1924.75
20
86.7977
1501.31
860.036

71
-1
1
1914.72
41
93.7544
1535.74
874.504

72
1
0
1857.37
18
92.2059
1570.18
864.465

73
-1
0
1837.38
15
120.732
1567.9
913.958

74
1
0
1814.52
21
270.998
1519.26
981.491

75
-1
0
1735.09
20
108.859
1500.36
970.368

76
-1
0
1712.39
18
4.54357
1483.52
878.151

77
-1
0
1626.38
19
326.553
1612.86
864.479

78
-1
0
1597.8
13
359.427
1595.44
949.061

79
-1
0
1585.91
16
158.125
1488.13
973.549

80
1
0
1572.46
17
346.524
1615.11
873.357

81
-1
1
1553.67
39
92.6165
1527.29
875.809

82
-1
1
1490.61
28
269.662
1527.84
975.22

83
-1
1
1467.41
32
271.968
1496.09
835.635

84
1
0
1456.11
22
298.663
1595.32
854.24

85
1
2
1393.53
58
265.162
1514.08
992.729

86
-1
1
1349.95
33
274.65
1530.25
837.256

87
-1
1
1255.25
33
274.977
1564.3
838.96

88
-1
0
1232.14
20
119.982
1565.66
913.007

89
1
0
1206.88
14
6.29293
1599.27
958.164

90
-1
0
1203.46
19
187.498
1548.23
894.943

91
1
2
1142.16
54
13.5967
1470.12
900.883

92
1
0
1060.86
23
271.833
1572.53
985.63

93
1
0
1035.99
20
191.923
1614.3
951.121

94
-1
0
1025.24
16
100.016
1541.75
880.499

95
1
0
1013.99
22
85.1374
1486.19
857.927

96
1
0
984.094
14
152.743
1613.18
882.783

97
1
0
893.178
14
94.3735
1555.03
876.071

98
1
1
867.684
28
270.947
1573.59
987.325

99
-1
0
815.868
16
95.6922
1578.48
927.347

100
-1
0
757.693
13
3.46489
1478.97
954.685

101
-1
0
714.687
13
82.1462
1529.11
858.089

102
-1
0
682.196
16
269.189
1540.14
975.487

103
-1
0
674.226
15
146.456
1562.19
912.348

104
-1
0
668.189
13
14.002
1534.88
911.726

105
1
0
655.384
15
5.63816
1488.63
890.715

106
1
0
642.477
20
280.908
1527.93
850.08

107
1
0
623.472
13
91.6498
1489.68
860.109

108
1
0
617.094
22
167.31
1461.33
954.57

109
1
0
596.796
20
172.357
1613.23
966.892

110
-1
0
576.371
19
261.566
1566.87
930.203

111
-1
0
565.206
13
99.8101
1566.24
928.101

112
1
0
548.879
17
6.52393
1474
926.755

113
1
0
471.18
16
8.82495
1486.35
906.311

114
-1
0
464.525
14
7.39574
1481.63
920.05

115
1
2
460.472
81
261.521
1529.34
995.138

116
-1
2
447.891
88
79.2987
1609.32
893.637

117
1
0
446.019
19
214.588
1465.29
844.616

118
1
2
435.449
87
273.58
1529.28
999.733

119
1
0
425.869
23
9.80604
1474.39
905.785

120
1
0
424.822
20
281.572
1562.12
851.996

121
-1
0
402.784
15
92.9476
1532.7
869.914



